Time (%),Total Time (ns),Instances,Avg (ns),Med (ns),Min (ns),Max (ns),StdDev (ns),Name
24.9,7947813540,122020,65135.3,64000.0,43072,129728,6403.7,"void uipc::backend::cuda::<unnamed>::Spmv_rbk_sym_spmv_dot_chunked_kernel<(int)1, (int)0>(double, const int *, const int *, const Eigen::Matrix<double, (int)3, (int)3, (int)0, (int)3, (int)3> *, const double *, double *, double *, const int *)"
9.6,3047387896,575,5299805.0,4507609.0,423199,11918029,2222230.9,"void uipc::backend::cuda::<unnamed>::do_assemble_kernel<(bool)0, (int)1, (bool)1, (bool)1, (bool)0, (int)8>(uipc::backend::cuda_tool::Dense2DBase<(bool)1, uipc::backend::cuda::ContactCoeff>, uipc::backend::cuda_tool::CBufferView<int>, uipc::backend::cuda_tool::CBufferView<Eigen::Matrix<double, (int)3, (int)1, (int)0, (int)3, (int)1>>, uipc::backend::cuda_tool::CBufferView<Eigen::Matrix<double, (int)3, (int)1, (int)0, (int)3, (int)1>>, uipc::backend::cuda_tool::CBufferView<double>, uipc::backend::cuda_tool::CBufferView<double>, double, uipc::backend::cuda_tool::CBufferView<Eigen::Matrix<int, (int)4, (int)1, (int)0, (int)4, (int)1>>, uipc::backend::cuda_tool::DoubletVectorViewT<(bool)0, double, (int)3>, uipc::backend::cuda_tool::TripletMatrixViewT<(bool)0, double, (int)3, (int)3>, uipc::backend::cuda_tool::CBufferView<Eigen::Matrix<int, (int)4, (int)1, (int)0, (int)4, (int)1>>, uipc::backend::cuda_tool::CBufferView<int>, uipc::backend::cuda_tool::DoubletVectorViewT<(bool)0, double, (int)3>, uipc::backend::cuda_tool::TripletMatrixViewT<(bool)0, double, (int)3, (int)3>, uipc::backend::cuda_tool::CBufferView<Eigen::Matrix<int, (int)3, (int)1, (int)0, (int)3, (int)1>>, uipc::backend::cuda_tool::DoubletVectorViewT<(bool)0, double, (int)3>, uipc::backend::cuda_tool::TripletMatrixViewT<(bool)0, double, (int)3, (int)3>, uipc::backend::cuda_tool::CBufferView<Eigen::Matrix<int, (int)2, (int)1, (int)0, (int)2, (int)1>>, uipc::backend::cuda_tool::DoubletVectorViewT<(bool)0, double, (int)3>, uipc::backend::cuda_tool::TripletMatrixViewT<(bool)0, double, (int)3, (int)3>, int, int, int, bool, int)"
9.0,2859030858,122598,23320.4,23488.0,1696,59776,2174.7,"void uipc::backend::cuda::<unnamed>::MASPreconditionerEngine_schwarz_local_solve_fused_R_kernel<(bool)1, (int)1>(uipc::backend::cuda_tool::CBufferView<uipc::backend::cuda::MASPreconditionerEngine::ClusterMatrixSymT<float>>, uipc::backend::cuda_tool::DenseVectorViewT<(bool)1, double>, uipc::backend::cuda_tool::CBufferView<int>, uipc::backend::cuda_tool::CBufferView<int>, uipc::backend::cuda_tool::CBufferView<unsigned int>, uipc::backend::cuda_tool::CBufferView<int>, uipc::backend::cuda_tool::CBufferView<uipc::backend::cuda::MASPreconditionerEngine::Int2>, uipc::backend::cuda_tool::BufferView<Eigen::Matrix<float, (int)3, (int)1, (int)0, (int)3, (int)1>>, uipc::backend::cuda_tool::BufferView<float3>, uipc::backend::cuda_tool::CDense<int>, int, int, int)"
3.6,1160659520,571,2032678.7,1667069.0,600351,4738488,1187065.0,"void uipc::backend::cuda::<unnamed>::do_assemble_kernel<(bool)0>(uipc::backend::cuda_tool::Dense2DBase<(bool)1, uipc::backend::cuda::ContactCoeff>, uipc::backend::cuda_tool::CBufferView<int>, uipc::backend::cuda_tool::CBufferView<Eigen::Matrix<double, (int)3, (int)1, (int)0, (int)3, (int)1>>, uipc::backend::cuda_tool::CBufferView<Eigen::Matrix<double, (int)3, (int)1, (int)0, (int)3, (int)1>>, uipc::backend::cuda_tool::CBufferView<Eigen::Matrix<double, (int)3, (int)1, (int)0, (int)3, (int)1>>, uipc::backend::cuda_tool::CBufferView<double>, uipc::backend::cuda_tool::CBufferView<double>, double, double, uipc::backend::cuda_tool::CBufferView<Eigen::Matrix<int, (int)4, (int)1, (int)0, (int)4, (int)1>>, uipc::backend::cuda_tool::DoubletVectorViewT<(bool)0, double, (int)3>, uipc::backend::cuda_tool::TripletMatrixViewT<(bool)0, double, (int)3, (int)3>, uipc::backend::cuda_tool::CBufferView<Eigen::Matrix<int, (int)4, (int)1, (int)0, (int)4, (int)1>>, uipc::backend::cuda_tool::DoubletVectorViewT<(bool)0, double, (int)3>, uipc::backend::cuda_tool::TripletMatrixViewT<(bool)0, double, (int)3, (int)3>, uipc::backend::cuda_tool::CBufferView<Eigen::Matrix<int, (int)3, (int)1, (int)0, (int)3, (int)1>>, uipc::backend::cuda_tool::DoubletVectorViewT<(bool)0, double, (int)3>, uipc::backend::cuda_tool::TripletMatrixViewT<(bool)0, double, (int)3, (int)3>, uipc::backend::cuda_tool::CBufferView<Eigen::Matrix<int, (int)2, (int)1, (int)0, (int)2, (int)1>>, uipc::backend::cuda_tool::DoubletVectorViewT<(bool)0, double, (int)3>, uipc::backend::cuda_tool::TripletMatrixViewT<(bool)0, double, (int)3, (int)3>, int, int, int, int)"
3.6,1147718484,578,1985672.1,1605405.0,469823,11246670,1370386.2,"void uipc::backend::cuda::<unnamed>::InfoStacklessBVHSimplexTrajectoryFilter_filter_toi_k4_kernel<(bool)1, (bool)0, (bool)1>(uipc::backend::cuda_tool::BufferView<double>, uipc::backend::cuda_tool::CBufferView<Eigen::Matrix<int, (int)2, (int)1, (int)0, (int)2, (int)1>>, uipc::backend::cuda_tool::CBufferView<Eigen::Matrix<int, (int)2, (int)1, (int)0, (int)2, (int)1>>, uipc::backend::cuda_tool::CBufferView<double>, uipc::backend::cuda_tool::CBufferView<Eigen::Matrix<double, (int)3, (int)1, (int)0, (int)3, (int)1>>, uipc::backend::cuda_tool::CBufferView<Eigen::Matrix<double, (int)3, (int)1, (int)0, (int)3, (int)1>>, uipc::backend::cuda_tool::CBufferView<double>, double, double, int, unsigned long long *, unsigned char *)"
3.1,999130790,122020,8188.3,8224.0,1823,32224,650.7,"uipc::backend::cuda::<unnamed>::fused_update_xr_kernel(uipc::backend::cuda_tool::CDense<double>, uipc::backend::cuda_tool::CDense<double>, uipc::backend::cuda_tool::CDense<int>, uipc::backend::cuda_tool::DenseVectorViewT<(bool)0, double>, uipc::backend::cuda_tool::DenseVectorViewT<(bool)1, double>, uipc::backend::cuda_tool::DenseVectorViewT<(bool)0, double>, uipc::backend::cuda_tool::DenseVectorViewT<(bool)0, double>, uipc::backend::cuda_tool::Dense<double>, bool, bool, uipc::backend::cuda_tool::Dense<double>, bool, int)"
2.9,926401679,716,1293857.1,1320990.0,690015,2503420,301390.7,"void uipc::backend::cuda::<unnamed>::InfoStacklessBVH_pairFilter_kernel<(bool)1, uipc::backend::cuda::<unnamed>::InfoStacklessBVHSimplexTrajectoryFilter_detect_AllE_AllE_pred>(uipc::backend::cuda_tool::CBufferView<Eigen::Matrix<int, (int)2, (int)1, (int)0, (int)2, (int)1>>, uipc::backend::cuda_tool::Dense<int>, uipc::backend::cuda_tool::CBufferView<int>, uipc::backend::cuda_tool::CBufferView<int>, uipc::backend::cuda_tool::CBufferView<int>, uipc::backend::cuda_tool::CBufferView<int>, uipc::backend::cuda_tool::CBufferView<int>, bool, uipc::backend::cuda_tool::Dense<int>, uipc::backend::cuda_tool::BufferView<Eigen::Matrix<int, (int)2, (int)1, (int)0, (int)2, (int)1>>, T2)"
2.7,863105479,122598,7040.1,6976.0,6240,15264,222.7,"uipc::backend::cuda::<unnamed>::fused_dot_kernel(uipc::backend::cuda_tool::DenseVectorViewT<(bool)1, double>, uipc::backend::cuda_tool::DenseVectorViewT<(bool)1, double>, uipc::backend::cuda_tool::Dense<double>, int)"
2.7,847905602,716,1184225.7,1150030.0,458399,2772764,346867.8,"void uipc::backend::cuda::<unnamed>::InfoStacklessBVH_stacklessSelf_kernel<(bool)1, (bool)0, uipc::backend::cuda::<unnamed>::InfoStacklessBVHSimplexTrajectoryFilter_detect_node_pred, uipc::backend::cuda::<unnamed>::InfoStacklessBVHSimplexTrajectoryFilter_detect_AllE_AllE_pred>(int, uipc::backend::cuda_tool::CBufferView<Eigen::AlignedBox<float, (int)3>>, int, int, uipc::backend::cuda_tool::BufferView<int>, uipc::backend::cuda_tool::CBufferView<int>, uipc::backend::cuda_tool::CBufferView<int>, uipc::backend::cuda_tool::BufferView<uipc::backend::cuda::InfoStacklessBVH::Node>, uipc::backend::cuda_tool::BufferView<int>, bool, uipc::backend::cuda_tool::CBufferView<int>, uipc::backend::cuda_tool::CBufferView<int>, bool, uipc::backend::cuda_tool::Dense<int>, uipc::backend::cuda_tool::BufferView<Eigen::Matrix<int, (int)2, (int)1, (int)0, (int)2, (int)1>>, uipc::backend::cuda_tool::Dense<int>, uipc::backend::cuda_tool::BufferView<Eigen::Matrix<int, (int)2, (int)1, (int)0, (int)2, (int)1>>, unsigned long long *, T3, T4)"
2.4,779505463,578,1348625.4,1365790.0,1059454,1426909,71954.2,"void uipc::backend::cuda::<unnamed>::NeoHookeanShell2D_do_compute_gradient_hessian_kernel<(int)1, (int)1>(uipc::backend::cuda_tool::CBufferView<double>, uipc::backend::cuda_tool::CBufferView<double>, uipc::backend::cuda_tool::CBufferView<Eigen::Matrix<int, (int)3, (int)1, (int)0, (int)3, (int)1>>, uipc::backend::cuda_tool::CBufferView<Eigen::Matrix<double, (int)3, (int)1, (int)0, (int)3, (int)1>>, uipc::backend::cuda_tool::CBufferView<Eigen::Matrix<double, (int)2, (int)2, (int)0, (int)2, (int)2>>, uipc::backend::cuda_tool::CBufferView<double>, uipc::backend::cuda_tool::DoubletVectorViewT<(bool)0, double, (int)3>, uipc::backend::cuda_tool::TripletMatrixViewT<(bool)0, double, (int)3, (int)3>, uipc::backend::cuda_tool::CBufferView<double>, double, unsigned long, bool, int)"
2.3,717559546,575,1247929.6,1034462.0,34239,3033435,634978.0,"void uipc::backend::cuda::<unnamed>::do_assemble_kernel<(bool)0, (int)2, (bool)0, (bool)0, (bool)1, (int)1>(uipc::backend::cuda_tool::Dense2DBase<(bool)1, uipc::backend::cuda::ContactCoeff>, uipc::backend::cuda_tool::CBufferView<int>, uipc::backend::cuda_tool::CBufferView<Eigen::Matrix<double, (int)3, (int)1, (int)0, (int)3, (int)1>>, uipc::backend::cuda_tool::CBufferView<Eigen::Matrix<double, (int)3, (int)1, (int)0, (int)3, (int)1>>, uipc::backend::cuda_tool::CBufferView<double>, uipc::backend::cuda_tool::CBufferView<double>, double, uipc::backend::cuda_tool::CBufferView<Eigen::Matrix<int, (int)4, (int)1, (int)0, (int)4, (int)1>>, uipc::backend::cuda_tool::DoubletVectorViewT<(bool)0, double, (int)3>, uipc::backend::cuda_tool::TripletMatrixViewT<(bool)0, double, (int)3, (int)3>, uipc::backend::cuda_tool::CBufferView<Eigen::Matrix<int, (int)4, (int)1, (int)0, (int)4, (int)1>>, uipc::backend::cuda_tool::CBufferView<int>, uipc::backend::cuda_tool::DoubletVectorViewT<(bool)0, double, (int)3>, uipc::backend::cuda_tool::TripletMatrixViewT<(bool)0, double, (int)3, (int)3>, uipc::backend::cuda_tool::CBufferView<Eigen::Matrix<int, (int)3, (int)1, (int)0, (int)3, (int)1>>, uipc::backend::cuda_tool::DoubletVectorViewT<(bool)0, double, (int)3>, uipc::backend::cuda_tool::TripletMatrixViewT<(bool)0, double, (int)3, (int)3>, uipc::backend::cuda_tool::CBufferView<Eigen::Matrix<int, (int)2, (int)1, (int)0, (int)2, (int)1>>, uipc::backend::cuda_tool::DoubletVectorViewT<(bool)0, double, (int)3>, uipc::backend::cuda_tool::TripletMatrixViewT<(bool)0, double, (int)3, (int)3>, int, int, int, bool, int)"
2.2,701588865,1153,608489.9,342112.0,7584,1939005,449679.7,"void uipc::backend::cuda_tool::<unnamed>::fast_segmental_reduce_matrix_ks_kernel<(int)128, (int)32, double, (int)3, (int)3, uipc::backend::cuda_tool::<unnamed>::fast_segmental_reduce_get_offset_key_op, uipc::backend::cuda::<unnamed>::matrix_converter_permuted_value_op<double, (int)3>, cuda::std::__4::plus<double>, (int)4, (int)0>(uipc::backend::cuda_tool::BufferView<Eigen::Matrix<T3, T4, T5, (Eigen::StorageOptions)0|T4==(int)1&&T5!=(int)1?(Eigen::StorageOptions)1:T5==(int)1&&T4!=(int)1?(Eigen::StorageOptions)0:(Eigen::StorageOptions)0, T4, T5>>, unsigned long, T6, T7, T8)"
2.2,696303178,578,1204676.8,1205790.0,841119,1572798,41049.8,"void uipc::backend::cuda::<unnamed>::StressPlasticDiscreteShellBending_do_compute_gradient_hessian_kernel<(int)1, (int)1, (int)2>(uipc::backend::cuda_tool::BufferView<Eigen::Matrix<int, (int)4, (int)1, (int)0, (int)4, (int)1>>, uipc::backend::cuda_tool::BufferView<double>, uipc::backend::cuda_tool::BufferView<double>, uipc::backend::cuda_tool::BufferView<double>, uipc::backend::cuda_tool::BufferView<double>, uipc::backend::cuda_tool::BufferView<double>, uipc::backend::cuda_tool::BufferView<double>, uipc::backend::cuda_tool::CBufferView<Eigen::Matrix<double, (int)3, (int)1, (int)0, (int)3, (int)1>>, uipc::backend::cuda_tool::DoubletVectorViewT<(bool)0, double, (int)3>, uipc::backend::cuda_tool::TripletMatrixViewT<(bool)0, double, (int)3, (int)3>, double, bool, int)"
2.2,685881439,578,1186646.1,1186462.0,885567,1511454,34630.6,"void uipc::backend::cuda::<unnamed>::StrainPlasticDiscreteShellBending_do_compute_gradient_hessian_kernel<(int)1, (int)1, (int)2>(uipc::backend::cuda_tool::BufferView<Eigen::Matrix<int, (int)4, (int)1, (int)0, (int)4, (int)1>>, uipc::backend::cuda_tool::BufferView<double>, uipc::backend::cuda_tool::BufferView<double>, uipc::backend::cuda_tool::BufferView<double>, uipc::backend::cuda_tool::BufferView<double>, uipc::backend::cuda_tool::BufferView<double>, uipc::backend::cuda_tool::CBufferView<Eigen::Matrix<double, (int)3, (int)1, (int)0, (int)3, (int)1>>, uipc::backend::cuda_tool::DoubletVectorViewT<(bool)0, double, (int)3>, uipc::backend::cuda_tool::TripletMatrixViewT<(bool)0, double, (int)3, (int)3>, double, bool, int)"
1.8,585845976,122598,4778.6,4800.0,1408,32448,394.5,"uipc::backend::cuda::<unnamed>::MASPreconditionerEngine_collect_final_Z_kernel(uipc::backend::cuda_tool::DenseVectorViewT<(bool)0, double>, uipc::backend::cuda_tool::CBufferView<float3>, uipc::backend::cuda_tool::CBufferView<uipc::backend::cuda::MASPreconditionerEngine::LevelTable>, uipc::backend::cuda_tool::CBufferView<int>, uipc::backend::cuda_tool::CDense<int>, uipc::backend::cuda_tool::BufferView<Eigen::Matrix<float, (int)3, (int)1, (int)0, (int)3, (int)1>>, int, int, int)"
1.7,542656090,578,938851.4,699135.0,142432,5954839,747052.9,"void uipc::backend::cuda::<unnamed>::InfoStacklessBVHSimplexTrajectoryFilter_filter_toi_k3_kernel<(bool)1, (bool)0, (bool)1>(uipc::backend::cuda_tool::BufferView<double>, uipc::backend::cuda_tool::CBufferView<Eigen::Matrix<int, (int)2, (int)1, (int)0, (int)2, (int)1>>, uipc::backend::cuda_tool::CBufferView<int>, uipc::backend::cuda_tool::CBufferView<Eigen::Matrix<int, (int)3, (int)1, (int)0, (int)3, (int)1>>, uipc::backend::cuda_tool::CBufferView<double>, uipc::backend::cuda_tool::CBufferView<Eigen::Matrix<double, (int)3, (int)1, (int)0, (int)3, (int)1>>, uipc::backend::cuda_tool::CBufferView<Eigen::Matrix<double, (int)3, (int)1, (int)0, (int)3, (int)1>>, uipc::backend::cuda_tool::CBufferView<double>, double, double, int, unsigned long long *, unsigned char *)"
1.6,494741352,122598,4035.5,4032.0,1344,17312,277.4,"void uipc::backend::cuda::<unnamed>::MASPreconditionerEngine_schwarz_local_solve_fused_R_kernel<(bool)0, (int)0>(uipc::backend::cuda_tool::CBufferView<uipc::backend::cuda::MASPreconditionerEngine::ClusterMatrixSymT<float>>, uipc::backend::cuda_tool::DenseVectorViewT<(bool)1, double>, uipc::backend::cuda_tool::CBufferView<int>, uipc::backend::cuda_tool::CBufferView<int>, uipc::backend::cuda_tool::CBufferView<unsigned int>, uipc::backend::cuda_tool::CBufferView<int>, uipc::backend::cuda_tool::CBufferView<uipc::backend::cuda::MASPreconditionerEngine::Int2>, uipc::backend::cuda_tool::BufferView<Eigen::Matrix<float, (int)3, (int)1, (int)0, (int)3, (int)1>>, uipc::backend::cuda_tool::BufferView<float3>, uipc::backend::cuda_tool::CDense<int>, int, int, int)"
1.5,486900930,4608,105664.3,67680.0,7808,437215,64137.7,"void cub::CUB_200700_750_NS::DeviceRadixSortOnesweepKernel<cub::CUB_200700_750_NS::DeviceRadixSortPolicy<unsigned long, int, unsigned int>::Policy900, (bool)0, unsigned long, int, unsigned int, int, int, cub::CUB_200700_750_NS::detail::identity_decomposer_t>(T7 *, T7 *, T5 *, const T5 *, T3 *, const T3 *, T4 *, const T4 *, T6, int, int, T8)"
1.4,447369408,122020,3666.4,3680.0,2016,32480,241.8,"uipc::backend::cuda::<unnamed>::fused_update_p_beta_kernel(uipc::backend::cuda_tool::CDense<double>, uipc::backend::cuda_tool::CDense<int>, uipc::backend::cuda_tool::DenseVectorViewT<(bool)0, double>, uipc::backend::cuda_tool::DenseVectorViewT<(bool)1, double>, uipc::backend::cuda_tool::DenseVectorViewT<(bool)0, double>, bool, int)"
1.2,382296790,715,534680.8,474047.0,250079,1293982,237893.9,"void uipc::backend::cuda::<unnamed>::InfoStacklessBVH_pairFilter_kernel<(bool)0, uipc::backend::cuda::<unnamed>::InfoStacklessBVHSimplexTrajectoryFilter_detect_AllP_AllT_pred>(uipc::backend::cuda_tool::CBufferView<Eigen::Matrix<int, (int)2, (int)1, (int)0, (int)2, (int)1>>, uipc::backend::cuda_tool::Dense<int>, uipc::backend::cuda_tool::CBufferView<int>, uipc::backend::cuda_tool::CBufferView<int>, uipc::backend::cuda_tool::CBufferView<int>, uipc::backend::cuda_tool::CBufferView<int>, uipc::backend::cuda_tool::CBufferView<int>, bool, uipc::backend::cuda_tool::Dense<int>, uipc::backend::cuda_tool::BufferView<Eigen::Matrix<int, (int)2, (int)1, (int)0, (int)2, (int)1>>, T2)"
1.0,311538047,578,538993.2,526303.5,348191,744543,58377.7,"uipc::backend::cuda::<unnamed>::abd_diag_preconditioner_do_assemble_kernel(uipc::backend::cuda_tool::CBufferView<Eigen::Matrix<double, (int)12, (int)12, (int)0, (int)12, (int)12>>, uipc::backend::cuda_tool::BufferView<Eigen::Matrix<double, (int)12, (int)12, (int)0, (int)12, (int)12>>, int)"
0.9,296585463,715,414804.8,413856.0,157056,1563134,119790.6,"void uipc::backend::cuda::<unnamed>::InfoStacklessBVH_stacklessOther_kernel<(bool)1, uipc::backend::cuda::<unnamed>::InfoStacklessBVHSimplexTrajectoryFilter_detect_node_pred, uipc::backend::cuda::<unnamed>::InfoStacklessBVHSimplexTrajectoryFilter_detect_AllP_AllT_pred>(int, uipc::backend::cuda_tool::CBufferView<Eigen::AlignedBox<float, (int)3>>, uipc::backend::cuda_tool::CBufferView<int>, int, int, uipc::backend::cuda_tool::BufferView<int>, uipc::backend::cuda_tool::CBufferView<int>, uipc::backend::cuda_tool::CBufferView<int>, uipc::backend::cuda_tool::BufferView<uipc::backend::cuda::InfoStacklessBVH::Node>, uipc::backend::cuda_tool::CBufferView<int>, uipc::backend::cuda_tool::CBufferView<int>, bool, uipc::backend::cuda_tool::Dense<int>, uipc::backend::cuda_tool::BufferView<Eigen::Matrix<int, (int)2, (int)1, (int)0, (int)2, (int)1>>, uipc::backend::cuda_tool::Dense<int>, uipc::backend::cuda_tool::BufferView<Eigen::Matrix<int, (int)2, (int)1, (int)0, (int)2, (int)1>>, T2, T3)"
0.9,272012109,781,348287.0,347456.0,341664,420063,9521.4,"uipc::backend::cuda::<unnamed>::NeoHookeanShell2D_do_compute_energy_kernel(uipc::backend::cuda_tool::CBufferView<double>, uipc::backend::cuda_tool::CBufferView<double>, uipc::backend::cuda_tool::CBufferView<double>, uipc::backend::cuda_tool::CBufferView<double>, uipc::backend::cuda_tool::BufferView<double>, uipc::backend::cuda_tool::CBufferView<Eigen::Matrix<int, (int)3, (int)1, (int)0, (int)3, (int)1>>, uipc::backend::cuda_tool::CBufferView<Eigen::Matrix<double, (int)3, (int)1, (int)0, (int)3, (int)1>>, uipc::backend::cuda_tool::CBufferView<Eigen::Matrix<double, (int)2, (int)2, (int)0, (int)2, (int)2>>, double, int)"
0.8,259247332,578,448524.8,445983.5,424864,515231,12780.2,"void uipc::backend::cuda::<unnamed>::DahlFrictionDiscreteShellBending_do_compute_gradient_hessian_kernel<(int)3, (int)1, (int)2>(uipc::backend::cuda_tool::BufferView<Eigen::Matrix<int, (int)4, (int)1, (int)0, (int)4, (int)1>>, uipc::backend::cuda_tool::BufferView<double>, uipc::backend::cuda_tool::BufferView<double>, uipc::backend::cuda_tool::BufferView<double>, uipc::backend::cuda_tool::BufferView<double>, uipc::backend::cuda_tool::BufferView<double>, uipc::backend::cuda_tool::BufferView<double>, uipc::backend::cuda_tool::BufferView<double>, uipc::backend::cuda_tool::BufferView<double>, uipc::backend::cuda_tool::BufferView<double>, uipc::backend::cuda_tool::CBufferView<Eigen::Matrix<double, (int)3, (int)1, (int)0, (int)3, (int)1>>, uipc::backend::cuda_tool::DoubletVectorViewT<(bool)0, double, (int)3>, uipc::backend::cuda_tool::TripletMatrixViewT<(bool)0, double, (int)3, (int)3>, double, bool, int)"
0.8,259008032,122598,2112.7,2112.0,1440,3136,74.8,"uipc::backend::cuda::<unnamed>::abd_diag_preconditioner_do_apply_lanes_kernel(uipc::backend::cuda_tool::DenseVectorViewT<(bool)1, double>, uipc::backend::cuda_tool::DenseVectorViewT<(bool)0, double>, uipc::backend::cuda_tool::CDense<int>, uipc::backend::cuda_tool::CBufferView<Eigen::Matrix<double, (int)12, (int)12, (int)0, (int)12, (int)12>>, int)"
0.7,238621440,122020,1955.6,1952.0,1856,2944,45.1,"uipc::backend::cuda::<unnamed>::fused_pcg_scalar_kernel(uipc::backend::cuda_tool::CDense<double>, uipc::backend::cuda_tool::Dense<double>, uipc::backend::cuda_tool::Dense<double>, uipc::backend::cuda_tool::Dense<int>, uipc::backend::cuda_tool::CDense<double>, uipc::backend::cuda_tool::Dense<double>)"
0.6,198528497,759,261565.9,188320.0,31584,665663,178911.8,"uipc::backend::cuda::<unnamed>::do_compute_energy_k3_kernel(uipc::backend::cuda_tool::Dense2DBase<(bool)1, uipc::backend::cuda::ContactCoeff>, uipc::backend::cuda_tool::CBufferView<int>, uipc::backend::cuda_tool::CBufferView<Eigen::Matrix<int, (int)3, (int)1, (int)0, (int)3, (int)1>>, uipc::backend::cuda_tool::BufferView<double>, uipc::backend::cuda_tool::CBufferView<Eigen::Matrix<double, (int)3, (int)1, (int)0, (int)3, (int)1>>, uipc::backend::cuda_tool::CBufferView<Eigen::Matrix<double, (int)3, (int)1, (int)0, (int)3, (int)1>>, uipc::backend::cuda_tool::CBufferView<double>, uipc::backend::cuda_tool::CBufferView<double>, double, double, int)"
0.6,197729081,759,260512.6,217184.0,117728,527487,104671.9,"uipc::backend::cuda::<unnamed>::do_compute_energy_k2_kernel(uipc::backend::cuda_tool::Dense2DBase<(bool)1, uipc::backend::cuda::ContactCoeff>, uipc::backend::cuda_tool::CBufferView<int>, uipc::backend::cuda_tool::CBufferView<Eigen::Matrix<int, (int)4, (int)1, (int)0, (int)4, (int)1>>, uipc::backend::cuda_tool::BufferView<double>, uipc::backend::cuda_tool::CBufferView<Eigen::Matrix<double, (int)3, (int)1, (int)0, (int)3, (int)1>>, uipc::backend::cuda_tool::CBufferView<Eigen::Matrix<double, (int)3, (int)1, (int)0, (int)3, (int)1>>, uipc::backend::cuda_tool::CBufferView<Eigen::Matrix<double, (int)3, (int)1, (int)0, (int)3, (int)1>>, double, uipc::backend::cuda_tool::CBufferView<double>, uipc::backend::cuda_tool::CBufferView<double>, double, int)"
0.6,191186021,578,330771.7,329727.5,321920,417535,7151.4,"uipc::backend::cuda::<unnamed>::StrainLimitingBaraffWitkinShell2D_do_compute_gradient_hessian_kernel(uipc::backend::cuda_tool::CBufferView<double>, uipc::backend::cuda_tool::CBufferView<double>, uipc::backend::cuda_tool::CBufferView<double>, uipc::backend::cuda_tool::CBufferView<Eigen::Matrix<int, (int)3, (int)1, (int)0, (int)3, (int)1>>, uipc::backend::cuda_tool::CBufferView<Eigen::Matrix<double, (int)3, (int)1, (int)0, (int)3, (int)1>>, uipc::backend::cuda_tool::CBufferView<double>, uipc::backend::cuda_tool::DoubletVectorViewT<(bool)0, double, (int)3>, uipc::backend::cuda_tool::TripletMatrixViewT<(bool)0, double, (int)3, (int)3>, uipc::backend::cuda_tool::CBufferView<double>, double, uipc::backend::cuda_tool::CBufferView<Eigen::Matrix<double, (int)2, (int)2, (int)0, (int)2, (int)2>>, unsigned long, bool, int)"
0.6,178001511,778,228793.7,189087.5,14784,470336,95455.8,"uipc::backend::cuda::<unnamed>::do_compute_energy_k2_kernel(uipc::backend::cuda_tool::Dense2DBase<(bool)1, uipc::backend::cuda::ContactCoeff>, uipc::backend::cuda_tool::CBufferView<int>, uipc::backend::cuda_tool::CBufferView<Eigen::Matrix<int, (int)4, (int)1, (int)0, (int)4, (int)1>>, uipc::backend::cuda_tool::BufferView<double>, uipc::backend::cuda_tool::CBufferView<Eigen::Matrix<double, (int)3, (int)1, (int)0, (int)3, (int)1>>, uipc::backend::cuda_tool::CBufferView<double>, uipc::backend::cuda_tool::CBufferView<Eigen::Matrix<double, (int)3, (int)1, (int)0, (int)3, (int)1>>, uipc::backend::cuda_tool::CBufferView<double>, double, int)"
0.5,165545893,779,212510.8,189504.0,52480,975455,128828.8,"uipc::backend::cuda::<unnamed>::InfoStacklessBVHSimplexTrajectoryFilter_filter_active_k4_kernel(uipc::backend::cuda_tool::CBufferView<Eigen::Matrix<double, (int)3, (int)1, (int)0, (int)3, (int)1>>, uipc::backend::cuda_tool::CBufferView<Eigen::Matrix<double, (int)3, (int)1, (int)0, (int)3, (int)1>>, uipc::backend::cuda_tool::CBufferView<Eigen::Matrix<int, (int)2, (int)1, (int)0, (int)2, (int)1>>, uipc::backend::cuda_tool::CBufferView<Eigen::Matrix<int, (int)2, (int)1, (int)0, (int)2, (int)1>>, uipc::backend::cuda_tool::CBufferView<double>, uipc::backend::cuda_tool::BufferView<Eigen::Matrix<int, (int)2, (int)1, (int)0, (int)2, (int)1>>, uipc::backend::cuda_tool::BufferView<Eigen::Matrix<int, (int)3, (int)1, (int)0, (int)3, (int)1>>, uipc::backend::cuda_tool::BufferView<Eigen::Matrix<int, (int)4, (int)1, (int)0, (int)4, (int)1>>, uipc::backend::cuda_tool::CBufferView<double>, int)"
0.5,156552622,778,201224.4,151439.5,12032,822462,139757.0,"uipc::backend::cuda::<unnamed>::do_compute_energy_k3_kernel(uipc::backend::cuda_tool::Dense2DBase<(bool)1, uipc::backend::cuda::ContactCoeff>, uipc::backend::cuda_tool::CBufferView<int>, uipc::backend::cuda_tool::CBufferView<Eigen::Matrix<int, (int)3, (int)1, (int)0, (int)3, (int)1>>, uipc::backend::cuda_tool::BufferView<double>, uipc::backend::cuda_tool::CBufferView<Eigen::Matrix<double, (int)3, (int)1, (int)0, (int)3, (int)1>>, uipc::backend::cuda_tool::CBufferView<double>, uipc::backend::cuda_tool::CBufferView<double>, double, int)"
0.4,138181872,578,239069.0,241888.0,102112,560799,71450.9,"void uipc::backend::cuda::<unnamed>::ortho_potential_compute_gradient_hessian_kernel<(int)1>(uipc::backend::cuda_tool::CBufferView<Eigen::Matrix<double, (int)12, (int)1, (int)0, (int)12, (int)1>>, uipc::backend::cuda_tool::CBufferView<double>, uipc::backend::cuda_tool::BufferView<Eigen::Matrix<double, (int)12, (int)1, (int)0, (int)12, (int)1>>, uipc::backend::cuda_tool::BufferView<Eigen::Matrix<double, (int)12, (int)12, (int)0, (int)12, (int)12>>, uipc::backend::cuda_tool::CBufferView<double>, double, bool, int)"
0.4,136000276,575,236522.2,202400.0,10144,2137213,191772.7,"uipc::backend::cuda::<unnamed>::compute_feasible_step_EE_kernel(uipc::backend::cuda_tool::CBufferView<Eigen::Matrix<int, (int)4, (int)1, (int)0, (int)4, (int)1>>, uipc::backend::cuda_tool::CBufferView<Eigen::Matrix<double, (int)3, (int)1, (int)0, (int)3, (int)1>>, uipc::backend::cuda_tool::CBufferView<Eigen::Matrix<double, (int)3, (int)1, (int)0, (int)3, (int)1>>, uipc::backend::cuda_tool::CBufferView<double>, uipc::backend::cuda_tool::BufferView<double>, double, int)"
0.4,135176749,575,235090.0,190239.0,3040,508031,122421.1,"void uipc::backend::cuda_tool::<unnamed>::fast_segmental_reduce_matrix_k2_kernel<(int)64, (int)32, double, (int)3, (int)1, uipc::backend::cuda_tool::FastSegmentalReduce<(int)64, (int)32>::Flags, uipc::backend::cuda_tool::<unnamed>::fast_segmental_reduce_get_offset_key_op, uipc::backend::cuda::<unnamed>::matrix_converter_permuted_segment_value_op<double, (int)3>, cuda::std::__4::plus<double>, (int)0>(uipc::backend::cuda_tool::BufferView<Eigen::Matrix<T3, T4, T5, (Eigen::StorageOptions)0|T4==(int)1&&T5!=(int)1?(Eigen::StorageOptions)1:T5==(int)1&&T4!=(int)1?(Eigen::StorageOptions)0:(Eigen::StorageOptions)0, T4, T5>>, unsigned long, T7, T8, T9)"
0.4,135146424,1251,108030.7,12256.0,2816,363264,118910.8,"uipc::backend::cuda::<unnamed>::GlobalDyTopoEffectManager_distribute_k4_kernel(uipc::backend::cuda_tool::CBufferView<int>, uipc::backend::cuda_tool::CBufferView<int>, uipc::backend::cuda_tool::TripletMatrixViewT<(bool)1, double, (int)3, (int)3>, uipc::backend::cuda_tool::TripletMatrixViewT<(bool)0, double, (int)3, (int)3>, Eigen::Matrix<int, (int)2, (int)1, (int)0, (int)2, (int)1>, Eigen::Matrix<int, (int)2, (int)1, (int)0, (int)2, (int)1>, int)"
0.4,134677068,578,233005.3,230655.5,181984,275551,18705.2,"uipc::backend::cuda::<unnamed>::MASPreconditionerEngine_scatter_hessian_to_clusters_k1_agg_kernel(int, int, uipc::backend::cuda_tool::CBufferView<int>, uipc::backend::cuda_tool::CBufferView<uipc::backend::cuda::MASPreconditionerEngine::Int2>, uipc::backend::cuda_tool::BufferView<uipc::backend::cuda::MASPreconditionerEngine::ClusterMatrixSymT<double>>, uipc::backend::cuda_tool::CBufferView<int>, uipc::backend::cuda_tool::CBufferView<Eigen::Matrix<double, (int)3, (int)3, (int)0, (int)3, (int)3>>, uipc::backend::cuda_tool::CBufferView<int>, uipc::backend::cuda_tool::CBufferView<int>, int, int)"
0.4,132026121,575,229610.6,226015.0,3904,371007,69802.1,"uipc::backend::cuda::<unnamed>::FEMLinearSubsystem_assemble_dytopo_effect_k2_kernel(uipc::backend::cuda_tool::TripletMatrixViewT<(bool)1, double, (int)3, (int)3>, uipc::backend::cuda_tool::TripletMatrixViewT<(bool)0, double, (int)3, (int)3>, int, int)"
0.4,131437151,578,227399.9,227199.5,222432,273632,4604.8,"uipc::backend::cuda::<unnamed>::MASPreconditionerEngine_invert_cluster_matrices_sweep_kernel(uipc::backend::cuda_tool::BufferView<uipc::backend::cuda::MASPreconditionerEngine::ClusterMatrixSymT<float>>, uipc::backend::cuda_tool::CBufferView<uipc::backend::cuda::MASPreconditionerEngine::ClusterMatrixSymT<double>>, int)"
0.3,99556751,781,127473.4,127168.0,124447,155264,3506.6,"uipc::backend::cuda::<unnamed>::StrainLimitingBaraffWitkinShell2D_do_compute_energy_kernel(uipc::backend::cuda_tool::CBufferView<double>, uipc::backend::cuda_tool::CBufferView<double>, uipc::backend::cuda_tool::CBufferView<double>, uipc::backend::cuda_tool::CBufferView<double>, uipc::backend::cuda_tool::CBufferView<double>, uipc::backend::cuda_tool::BufferView<double>, uipc::backend::cuda_tool::CBufferView<Eigen::Matrix<int, (int)3, (int)1, (int)0, (int)3, (int)1>>, uipc::backend::cuda_tool::CBufferView<Eigen::Matrix<double, (int)3, (int)1, (int)0, (int)3, (int)1>>, uipc::backend::cuda_tool::CBufferView<Eigen::Matrix<double, (int)2, (int)2, (int)0, (int)2, (int)2>>, double, int)"
0.3,95156452,779,122152.1,119072.0,37376,562015,69778.9,"uipc::backend::cuda::<unnamed>::InfoStacklessBVHSimplexTrajectoryFilter_filter_active_k3_kernel(uipc::backend::cuda_tool::CBufferView<Eigen::Matrix<double, (int)3, (int)1, (int)0, (int)3, (int)1>>, uipc::backend::cuda_tool::CBufferView<Eigen::Matrix<int, (int)2, (int)1, (int)0, (int)2, (int)1>>, uipc::backend::cuda_tool::CBufferView<int>, uipc::backend::cuda_tool::CBufferView<Eigen::Matrix<int, (int)3, (int)1, (int)0, (int)3, (int)1>>, uipc::backend::cuda_tool::CBufferView<double>, uipc::backend::cuda_tool::BufferView<Eigen::Matrix<int, (int)2, (int)1, (int)0, (int)2, (int)1>>, uipc::backend::cuda_tool::BufferView<Eigen::Matrix<int, (int)3, (int)1, (int)0, (int)3, (int)1>>, uipc::backend::cuda_tool::BufferView<Eigen::Matrix<int, (int)4, (int)1, (int)0, (int)4, (int)1>>, uipc::backend::cuda_tool::CBufferView<double>, int)"
0.3,85501687,1148,74478.8,61455.5,16288,144960,35851.2,"void cub::CUB_200700_750_NS::DeviceRadixSortOnesweepKernel<cub::CUB_200700_750_NS::DeviceRadixSortPolicy<int, int, unsigned int>::Policy900, (bool)0, int, int, unsigned int, int, int, cub::CUB_200700_750_NS::detail::identity_decomposer_t>(T7 *, T7 *, T5 *, const T5 *, T3 *, const T3 *, T4 *, const T4 *, T6, int, int, T8)"
0.3,81823806,575,142302.3,141280.0,6048,438912,85531.9,"uipc::backend::cuda::<unnamed>::compute_feasible_step_PE_kernel(uipc::backend::cuda_tool::CBufferView<Eigen::Matrix<int, (int)3, (int)1, (int)0, (int)3, (int)1>>, uipc::backend::cuda_tool::CBufferView<Eigen::Matrix<double, (int)3, (int)1, (int)0, (int)3, (int)1>>, uipc::backend::cuda_tool::CBufferView<Eigen::Matrix<double, (int)3, (int)1, (int)0, (int)3, (int)1>>, uipc::backend::cuda_tool::CBufferView<double>, uipc::backend::cuda_tool::BufferView<double>, double, int)"
0.2,68321205,1425,47944.7,39711.0,31712,77120,15088.7,"uipc::backend::cuda::<unnamed>::InfoStacklessBVH_reorderNode_kernel(int, uipc::backend::cuda_tool::BufferView<int>, uipc::backend::cuda_tool::BufferView<Eigen::AlignedBox<float, (int)3>>, uipc::backend::cuda_tool::BufferView<int>, uipc::backend::cuda_tool::BufferView<int>, uipc::backend::cuda_tool::BufferView<int>, uipc::backend::cuda_tool::BufferView<int>, uipc::backend::cuda_tool::BufferView<unsigned int>, uipc::backend::cuda_tool::BufferView<int>, uipc::backend::cuda_tool::BufferView<Eigen::AlignedBox<float, (int)3>>, uipc::backend::cuda_tool::BufferView<int>, uipc::backend::cuda_tool::BufferView<int>, uipc::backend::cuda_tool::BufferView<uipc::backend::cuda::InfoStacklessBVH::Node>, uipc::backend::cuda_tool::BufferView<int>, int)"
0.2,65773012,578,113794.1,113696.0,111200,137215,2247.0,"uipc::backend::cuda::<unnamed>::MASPreconditionerEngine_scatter_hessian_to_clusters_k2_kernel(int, uipc::backend::cuda_tool::CBufferView<int>, uipc::backend::cuda_tool::CBufferView<uipc::backend::cuda::MASPreconditionerEngine::Int2>, uipc::backend::cuda_tool::BufferView<uipc::backend::cuda::MASPreconditionerEngine::ClusterMatrixSymT<double>>, uipc::backend::cuda_tool::CBufferView<int>, uipc::backend::cuda_tool::CBufferView<unsigned int>, uipc::backend::cuda_tool::CBufferView<int>, int, int)"
0.2,63967010,1153,55478.8,33376.0,1568,167296,37089.5,"uipc::backend::cuda::<unnamed>::matrix_converter_radix_sort_indices_and_blocks_k2_kernel(uipc::backend::cuda_tool::BufferView<unsigned long>, uipc::backend::cuda_tool::BufferView<uipc::backend::cuda::MatrixConverterIntPair>, unsigned long, int)"
0.2,62723940,574,109275.2,84720.0,11487,956318,83623.8,"uipc::backend::cuda::<unnamed>::compute_feasible_step_PT_kernel(uipc::backend::cuda_tool::CBufferView<Eigen::Matrix<int, (int)4, (int)1, (int)0, (int)4, (int)1>>, uipc::backend::cuda_tool::CBufferView<Eigen::Matrix<double, (int)3, (int)1, (int)0, (int)3, (int)1>>, uipc::backend::cuda_tool::CBufferView<Eigen::Matrix<double, (int)3, (int)1, (int)0, (int)3, (int)1>>, uipc::backend::cuda_tool::CBufferView<double>, uipc::backend::cuda_tool::BufferView<double>, double, int)"
0.2,60178645,5769,10431.4,4960.0,2176,100352,13557.4,"void cub::CUB_200700_750_NS::DeviceScanKernel<cub::CUB_200700_750_NS::DeviceScanPolicy<int, cuda::std::__4::plus<void>>::Policy900, const int *, int *, cub::CUB_200700_750_NS::ScanTileState<int, (bool)1>, cuda::std::__4::plus<void>, cub::CUB_200700_750_NS::detail::InputValue<int, int *>, unsigned int, int, (bool)0>(T2, T3, T4, int, T5, T6, T7)"
0.2,58300356,575,101391.9,82976.0,2016,238912,51812.7,"uipc::backend::cuda::<unnamed>::matrix_converter_radix_sort_indices_and_blocks_k1_kernel(uipc::backend::cuda_tool::CBufferView<int>, uipc::backend::cuda_tool::CBufferView<int>, uipc::backend::cuda_tool::BufferView<unsigned long>, uipc::backend::cuda_tool::BufferView<int>, unsigned long, int)"
0.2,54239849,781,69449.2,67488.0,64576,92064,4709.6,"uipc::backend::cuda::<unnamed>::DahlFrictionDiscreteShellBending_do_compute_energy_kernel(uipc::backend::cuda_tool::BufferView<Eigen::Matrix<int, (int)4, (int)1, (int)0, (int)4, (int)1>>, uipc::backend::cuda_tool::BufferView<double>, uipc::backend::cuda_tool::BufferView<double>, uipc::backend::cuda_tool::BufferView<double>, uipc::backend::cuda_tool::BufferView<double>, uipc::backend::cuda_tool::BufferView<double>, uipc::backend::cuda_tool::BufferView<double>, uipc::backend::cuda_tool::BufferView<double>, uipc::backend::cuda_tool::BufferView<double>, uipc::backend::cuda_tool::BufferView<double>, uipc::backend::cuda_tool::CBufferView<Eigen::Matrix<double, (int)3, (int)1, (int)0, (int)3, (int)1>>, uipc::backend::cuda_tool::BufferView<double>, double, int)"
0.2,52886602,759,69679.3,64160.0,41920,102144,17759.2,"uipc::backend::cuda::<unnamed>::do_compute_energy_k1_kernel(uipc::backend::cuda_tool::Dense2DBase<(bool)1, uipc::backend::cuda::ContactCoeff>, uipc::backend::cuda_tool::CBufferView<int>, uipc::backend::cuda_tool::CBufferView<Eigen::Matrix<int, (int)4, (int)1, (int)0, (int)4, (int)1>>, uipc::backend::cuda_tool::BufferView<double>, uipc::backend::cuda_tool::CBufferView<Eigen::Matrix<double, (int)3, (int)1, (int)0, (int)3, (int)1>>, uipc::backend::cuda_tool::CBufferView<Eigen::Matrix<double, (int)3, (int)1, (int)0, (int)3, (int)1>>, uipc::backend::cuda_tool::CBufferView<double>, uipc::backend::cuda_tool::CBufferView<double>, double, double, int)"
0.2,49769547,781,63725.4,63296.0,61536,81888,2572.7,"uipc::backend::cuda::<unnamed>::StrainPlasticDiscreteShellBending_do_compute_energy_kernel(uipc::backend::cuda_tool::BufferView<Eigen::Matrix<int, (int)4, (int)1, (int)0, (int)4, (int)1>>, uipc::backend::cuda_tool::BufferView<double>, uipc::backend::cuda_tool::BufferView<double>, uipc::backend::cuda_tool::BufferView<double>, uipc::backend::cuda_tool::BufferView<double>, uipc::backend::cuda_tool::BufferView<double>, uipc::backend::cuda_tool::CBufferView<Eigen::Matrix<double, (int)3, (int)1, (int)0, (int)3, (int)1>>, uipc::backend::cuda_tool::BufferView<double>, double, int)"
0.2,49529125,1153,42956.7,31584.0,2816,109248,21335.4,"void cub::CUB_200700_750_NS::DeviceReduceByKeyKernel<cub::CUB_200700_750_NS::detail::device_run_length_encode_policy_hub<int, uipc::backend::cuda::MatrixConverterIntPair>::Policy900, const uipc::backend::cuda::MatrixConverterIntPair *, uipc::backend::cuda::MatrixConverterIntPair *, cub::CUB_200700_750_NS::ConstantInputIterator<int, int>, int *, int *, cub::CUB_200700_750_NS::ReduceByKeyScanTileState<int, int, (bool)1>, cuda::std::__4::equal_to<void>, cuda::std::__4::plus<void>, int, int>(T2, T3, T4, T5, T6, T7, int, T8, T9, T10)"
0.2,48539897,1156,41989.5,41744.0,28960,66752,11354.1,"uipc::backend::cuda::<unnamed>::InfoStacklessBVH_refitIntNodes_kernel(int, uipc::backend::cuda_tool::CBufferView<unsigned int>, uipc::backend::cuda_tool::CBufferView<Eigen::AlignedBox<float, (int)3>>, uipc::backend::cuda_tool::CBufferView<int>, uipc::backend::cuda_tool::CBufferView<int>, uipc::backend::cuda_tool::CBufferView<unsigned int>, uipc::backend::cuda_tool::CBufferView<int>, uipc::backend::cuda_tool::BufferView<Eigen::AlignedBox<float, (int)3>>, uipc::backend::cuda_tool::BufferView<unsigned int>)"
0.2,48121976,777,61933.0,56704.0,14624,91136,16715.2,"uipc::backend::cuda::<unnamed>::do_compute_energy_k1_kernel(uipc::backend::cuda_tool::Dense2DBase<(bool)1, uipc::backend::cuda::ContactCoeff>, uipc::backend::cuda_tool::CBufferView<int>, uipc::backend::cuda_tool::CBufferView<Eigen::Matrix<int, (int)4, (int)1, (int)0, (int)4, (int)1>>, uipc::backend::cuda_tool::BufferView<double>, uipc::backend::cuda_tool::CBufferView<Eigen::Matrix<double, (int)3, (int)1, (int)0, (int)3, (int)1>>, uipc::backend::cuda_tool::CBufferView<double>, uipc::backend::cuda_tool::CBufferView<double>, double, int)"
0.1,46056409,759,60680.4,28320.0,14784,235391,62244.6,"uipc::backend::cuda::<unnamed>::do_compute_energy_k4_kernel(uipc::backend::cuda_tool::Dense2DBase<(bool)1, uipc::backend::cuda::ContactCoeff>, uipc::backend::cuda_tool::CBufferView<int>, uipc::backend::cuda_tool::CBufferView<Eigen::Matrix<int, (int)2, (int)1, (int)0, (int)2, (int)1>>, uipc::backend::cuda_tool::BufferView<double>, uipc::backend::cuda_tool::CBufferView<Eigen::Matrix<double, (int)3, (int)1, (int)0, (int)3, (int)1>>, uipc::backend::cuda_tool::CBufferView<Eigen::Matrix<double, (int)3, (int)1, (int)0, (int)3, (int)1>>, uipc::backend::cuda_tool::CBufferView<double>, uipc::backend::cuda_tool::CBufferView<double>, double, double, int)"
0.1,42224117,1152,36652.9,25984.0,5120,120896,18458.4,"void cub::CUB_200700_750_NS::DeviceRadixSortHistogramKernel<cub::CUB_200700_750_NS::DeviceRadixSortPolicy<unsigned long, int, unsigned int>::Policy900, (bool)0, unsigned long, unsigned int, cub::CUB_200700_750_NS::detail::identity_decomposer_t>(T4 *, const T3 *, T4, int, int, T5)"
0.1,32685967,578,56550.1,56480.0,48256,73216,2788.6,"uipc::backend::cuda::<unnamed>::matrix_converter_fused_compact_keys_k2_kernel(uipc::backend::cuda_tool::CBufferView<int>, uipc::backend::cuda_tool::CBufferView<int>, uipc::backend::cuda_tool::CBufferView<int>, uipc::backend::cuda_tool::CBufferView<int>, uipc::backend::cuda_tool::BufferView<unsigned long>, uipc::backend::cuda_tool::BufferView<int>, uipc::backend::cuda_tool::Dense<int>, unsigned long, int)"
0.1,29590831,781,37888.4,37792.0,36704,45376,1028.4,"uipc::backend::cuda::<unnamed>::StressPlasticDiscreteShellBending_do_compute_energy_kernel(uipc::backend::cuda_tool::BufferView<Eigen::Matrix<int, (int)4, (int)1, (int)0, (int)4, (int)1>>, uipc::backend::cuda_tool::BufferView<double>, uipc::backend::cuda_tool::BufferView<double>, uipc::backend::cuda_tool::BufferView<double>, uipc::backend::cuda_tool::BufferView<double>, uipc::backend::cuda_tool::BufferView<double>, uipc::backend::cuda_tool::BufferView<double>, uipc::backend::cuda_tool::CBufferView<Eigen::Matrix<double, (int)3, (int)1, (int)0, (int)3, (int)1>>, uipc::backend::cuda_tool::BufferView<double>, double, int)"
0.1,27998358,1620,17282.9,16160.0,15104,24607,2290.9,"void cub::CUB_200700_750_NS::DeviceRadixSortOnesweepKernel<cub::CUB_200700_750_NS::DeviceRadixSortPolicy<unsigned int, int, unsigned int>::Policy900, (bool)0, unsigned int, int, unsigned int, int, int, cub::CUB_200700_750_NS::detail::identity_decomposer_t>(T7 *, T7 *, T5 *, const T5 *, T3 *, const T3 *, T4 *, const T4 *, T6, int, int, T8)"
0.1,27508076,775,35494.3,17600.0,9920,142368,36649.2,"uipc::backend::cuda::<unnamed>::do_compute_energy_k4_kernel(uipc::backend::cuda_tool::Dense2DBase<(bool)1, uipc::backend::cuda::ContactCoeff>, uipc::backend::cuda_tool::CBufferView<int>, uipc::backend::cuda_tool::CBufferView<Eigen::Matrix<int, (int)2, (int)1, (int)0, (int)2, (int)1>>, uipc::backend::cuda_tool::BufferView<double>, uipc::backend::cuda_tool::CBufferView<Eigen::Matrix<double, (int)3, (int)1, (int)0, (int)3, (int)1>>, uipc::backend::cuda_tool::CBufferView<double>, uipc::backend::cuda_tool::CBufferView<double>, double, int)"
0.1,27007404,269,100399.3,85856.0,69216,144127,25031.8,"uipc::backend::cuda::<unnamed>::InfoStacklessBVH_buildIntNodes_kernel(int, uipc::backend::cuda_tool::BufferView<unsigned int>, uipc::backend::cuda_tool::BufferView<int>, uipc::backend::cuda_tool::BufferView<int>, uipc::backend::cuda_tool::BufferView<unsigned int>, uipc::backend::cuda_tool::BufferView<Eigen::AlignedBox<float, (int)3>>, uipc::backend::cuda_tool::BufferView<int>, uipc::backend::cuda_tool::BufferView<int>, uipc::backend::cuda_tool::BufferView<int>, uipc::backend::cuda_tool::BufferView<int>, uipc::backend::cuda_tool::BufferView<int>, uipc::backend::cuda_tool::BufferView<int>, uipc::backend::cuda_tool::BufferView<unsigned int>, uipc::backend::cuda_tool::BufferView<Eigen::AlignedBox<float, (int)3>>, uipc::backend::cuda_tool::BufferView<int>, uipc::backend::cuda_tool::BufferView<int>, uipc::backend::cuda_tool::BufferView<unsigned int>, uipc::backend::cuda_tool::BufferView<int>)"
0.1,26080635,578,45122.2,45088.0,43616,52256,791.4,"uipc::backend::cuda::<unnamed>::FEMLinearSubsystem_assemble_reporters_kernel(uipc::backend::cuda_tool::DenseVectorViewT<(bool)0, double>, uipc::backend::cuda_tool::DoubletVectorViewT<(bool)1, double, (int)3>, uipc::backend::cuda_tool::CBufferView<int>, int)"
0.1,21710230,781,27798.0,27680.0,27008,33856,848.7,"uipc::backend::cuda::<unnamed>::ortho_potential_compute_energy_kernel(uipc::backend::cuda_tool::BufferView<double>, uipc::backend::cuda_tool::CBufferView<Eigen::Matrix<double, (int)12, (int)1, (int)0, (int)12, (int)1>>, uipc::backend::cuda_tool::CBufferView<double>, uipc::backend::cuda_tool::CBufferView<double>, double, int)"
0.1,19623010,1738,11290.6,7936.0,1056,65599,8730.7,"void uipc::backend::cuda_tool::details::buffer_fill_kernel<int>(uipc::backend::cuda_tool::BufferView<T1>, T1)"
0.1,18050727,574,31447.3,31567.5,10848,54560,11294.0,"uipc::backend::cuda::<unnamed>::ee_mollifier_partition_kernel(uipc::backend::cuda_tool::CBufferView<Eigen::Matrix<int, (int)4, (int)1, (int)0, (int)4, (int)1>>, uipc::backend::cuda_tool::CBufferView<Eigen::Matrix<double, (int)3, (int)1, (int)0, (int)3, (int)1>>, uipc::backend::cuda_tool::CBufferView<Eigen::Matrix<double, (int)3, (int)1, (int)0, (int)3, (int)1>>, uipc::backend::cuda_tool::BufferView<int>, uipc::backend::cuda_tool::BufferView<int>, int)"
0.1,17832763,578,30852.5,30912.0,27680,35712,1495.3,"uipc::backend::cuda::<unnamed>::FEMLinearSubsystem_assemble_k2_kernel(uipc::backend::cuda_tool::CBufferView<int>, uipc::backend::cuda_tool::TripletMatrixViewT<(bool)0, double, (int)3, (int)3>, int)"
0.1,17531973,1156,15166.1,12688.0,4288,51968,7565.2,"void cub::CUB_200700_750_NS::DeviceSelectSweepKernel<cub::CUB_200700_750_NS::detail::device_select_policy_hub<Eigen::Matrix<int, (int)2, (int)1, (int)0, (int)2, (int)1>, unsigned char, int, (bool)0, (bool)0>::Policy900, const Eigen::Matrix<int, (int)2, (int)1, (int)0, (int)2, (int)1> *, const unsigned char *, Eigen::Matrix<int, (int)2, (int)1, (int)0, (int)2, (int)1> *, int *, cub::CUB_200700_750_NS::ScanTileState<int, (bool)1>, cub::CUB_200700_750_NS::NullType, cub::CUB_200700_750_NS::NullType, int, (bool)0, (bool)0>(T2, T3, T4, T5, T6, T7, T8, T9, int, cub::CUB_200700_750_NS::detail::vsmem_t)"
0.1,17113191,781,21911.9,21856.0,20704,26336,656.3,"uipc::backend::cuda::<unnamed>::soft_transform_constraint_compute_energy_kernel(double, uipc::backend::cuda_tool::BufferView<int>, uipc::backend::cuda_tool::CBufferView<Eigen::Matrix<double, (int)12, (int)1, (int)0, (int)12, (int)1>>, uipc::backend::cuda_tool::CBufferView<Eigen::Matrix<double, (int)12, (int)1, (int)0, (int)12, (int)1>>, uipc::backend::cuda_tool::BufferView<Eigen::Matrix<double, (int)12, (int)1, (int)0, (int)12, (int)1>>, uipc::backend::cuda_tool::BufferView<Eigen::Matrix<double, (int)2, (int)1, (int)0, (int)2, (int)1>>, uipc::backend::cuda_tool::CBufferView<uipc::backend::cuda::ABDJacobiDyadicMass>, uipc::backend::cuda_tool::BufferView<double>, uipc::backend::cuda_tool::CBufferView<int>, int)"
0.1,16918474,1153,14673.4,11808.0,1568,45792,7779.6,"uipc::backend::cuda::<unnamed>::matrix_converter_make_unique_block_warp_reduction_k1_kernel(uipc::backend::cuda_tool::BufferView<int>, uipc::backend::cuda_tool::BufferView<int>, uipc::backend::cuda_tool::BufferView<int>, int)"
0.1,16638345,1728,9628.7,4160.0,2272,47584,9028.3,"void cub::CUB_200700_750_NS::DeviceReduceKernel<cub::CUB_200700_750_NS::DeviceReducePolicy<double, unsigned int, cub::CUB_200700_750_NS::Min>::Policy600, const double *, unsigned int, cub::CUB_200700_750_NS::Min, double, cuda::std::__4::__identity>(T2, T5 *, T3, cub::CUB_200700_750_NS::GridEvenShare<T3>, T4, T6)"
0.1,16288574,578,28180.9,23200.0,8736,108735,15203.2,"uipc::backend::cuda::<unnamed>::affine_body_bdf1_kinetic_compute_gradient_hessian_kernel(uipc::backend::cuda_tool::CBufferView<int>, uipc::backend::cuda_tool::CBufferView<Eigen::Matrix<double, (int)12, (int)1, (int)0, (int)12, (int)1>>, uipc::backend::cuda_tool::CBufferView<Eigen::Matrix<double, (int)12, (int)1, (int)0, (int)12, (int)1>>, uipc::backend::cuda_tool::CBufferView<Eigen::Matrix<double, (int)12, (int)1, (int)0, (int)12, (int)1>>, uipc::backend::cuda_tool::CBufferView<uipc::backend::cuda::ABDJacobiDyadicMass>, uipc::backend::cuda_tool::BufferView<Eigen::Matrix<double, (int)12, (int)12, (int)0, (int)12, (int)12>>, uipc::backend::cuda_tool::BufferView<Eigen::Matrix<double, (int)12, (int)1, (int)0, (int)12, (int)1>>, bool, int)"
0.0,14585263,1156,12617.0,12384.0,9696,16608,2212.8,"uipc::backend::cuda::<unnamed>::InfoStacklessBVH_refitExtNodes_kernel(uipc::backend::cuda_tool::CBufferView<int>, uipc::backend::cuda_tool::CBufferView<Eigen::AlignedBox<float, (int)3>>, uipc::backend::cuda_tool::BufferView<Eigen::AlignedBox<float, (int)3>>, int)"
0.0,14188233,578,24547.1,24336.0,21568,28960,1144.4,"uipc::backend::cuda::<unnamed>::matrix_converter_fused_flag_upper_k1_kernel(uipc::backend::cuda_tool::CBufferView<int>, uipc::backend::cuda_tool::CBufferView<int>, uipc::backend::cuda_tool::BufferView<int>, bool, int)"
0.0,13335693,708,18835.7,18752.0,17536,50112,1313.6,"uipc::backend::cuda::<unnamed>::InfoStacklessBVHSimplexTrajectoryFilter_detect_k3_kernel(uipc::backend::cuda_tool::CBufferView<Eigen::Matrix<int, (int)2, (int)1, (int)0, (int)2, (int)1>>, uipc::backend::cuda_tool::CBufferView<Eigen::Matrix<double, (int)3, (int)1, (int)0, (int)3, (int)1>>, uipc::backend::cuda_tool::BufferView<Eigen::AlignedBox<float, (int)3>>, uipc::backend::cuda_tool::CBufferView<int>, uipc::backend::cuda_tool::CBufferView<int>, uipc::backend::cuda_tool::BufferView<int>, uipc::backend::cuda_tool::BufferView<int>, uipc::backend::cuda_tool::CBufferView<Eigen::Matrix<double, (int)3, (int)1, (int)0, (int)3, (int)1>>, uipc::backend::cuda_tool::CBufferView<double>, uipc::backend::cuda_tool::CBufferView<double>, double, int)"
0.0,13228527,578,22886.7,22848.0,21472,28448,615.5,"uipc::backend::cuda::<unnamed>::soft_transform_constraint_compute_gradient_hessian_k1_kernel(double, uipc::backend::cuda_tool::BufferView<int>, uipc::backend::cuda_tool::CBufferView<Eigen::Matrix<double, (int)12, (int)1, (int)0, (int)12, (int)1>>, uipc::backend::cuda_tool::CBufferView<Eigen::Matrix<double, (int)12, (int)1, (int)0, (int)12, (int)1>>, uipc::backend::cuda_tool::BufferView<Eigen::Matrix<double, (int)12, (int)1, (int)0, (int)12, (int)1>>, uipc::backend::cuda_tool::BufferView<Eigen::Matrix<double, (int)2, (int)1, (int)0, (int)2, (int)1>>, uipc::backend::cuda_tool::CBufferView<uipc::backend::cuda::ABDJacobiDyadicMass>, uipc::backend::cuda_tool::DoubletVectorViewT<(bool)0, double, (int)12>, uipc::backend::cuda_tool::CBufferView<int>, int)"
0.0,11953581,1153,10367.4,6560.0,1856,33920,6498.2,"void uipc::backend::cuda_tool::<unnamed>::fast_segmental_reduce_zero_cross_warp_kernel<(int)32, double, (int)3, (int)3, uipc::backend::cuda_tool::<unnamed>::fast_segmental_reduce_get_offset_key_op, (int)128>(uipc::backend::cuda_tool::BufferView<Eigen::Matrix<T2, T3, T4, (Eigen::StorageOptions)0|T3==(int)1&&T4!=(int)1?(Eigen::StorageOptions)1:T4==(int)1&&T3!=(int)1?(Eigen::StorageOptions)0:(Eigen::StorageOptions)0, T3, T4>>, unsigned long, T5, int)"
0.0,11714931,708,16546.5,16512.0,15840,23104,421.4,"uipc::backend::cuda::<unnamed>::InfoStacklessBVHSimplexTrajectoryFilter_detect_k4_kernel(uipc::backend::cuda_tool::CBufferView<Eigen::Matrix<int, (int)3, (int)1, (int)0, (int)3, (int)1>>, uipc::backend::cuda_tool::CBufferView<Eigen::Matrix<double, (int)3, (int)1, (int)0, (int)3, (int)1>>, uipc::backend::cuda_tool::BufferView<Eigen::AlignedBox<float, (int)3>>, uipc::backend::cuda_tool::CBufferView<int>, uipc::backend::cuda_tool::CBufferView<int>, uipc::backend::cuda_tool::BufferView<int>, uipc::backend::cuda_tool::BufferView<int>, uipc::backend::cuda_tool::CBufferView<Eigen::Matrix<double, (int)3, (int)1, (int)0, (int)3, (int)1>>, uipc::backend::cuda_tool::CBufferView<double>, uipc::backend::cuda_tool::CBufferView<double>, double, int)"
0.0,11380882,578,19690.1,19648.0,18912,23904,412.3,"uipc::backend::cuda::<unnamed>::soft_transform_constraint_compute_gradient_hessian_k2_kernel(uipc::backend::cuda_tool::BufferView<int>, uipc::backend::cuda_tool::BufferView<Eigen::Matrix<double, (int)2, (int)1, (int)0, (int)2, (int)1>>, uipc::backend::cuda_tool::CBufferView<uipc::backend::cuda::ABDJacobiDyadicMass>, uipc::backend::cuda_tool::TripletMatrixViewT<(bool)0, double, (int)12, (int)12>, uipc::backend::cuda_tool::CBufferView<int>, int)"
0.0,10853641,2338,4642.3,3136.0,2400,18016,3436.3,"void cub::CUB_200700_750_NS::DeviceReduceKernel<cub::CUB_200700_750_NS::DeviceReducePolicy<double, unsigned int, cuda::std::__4::plus<void>>::Policy600, const double *, unsigned int, cuda::std::__4::plus<void>, double, cuda::std::__4::__identity>(T2, T5 *, T3, cub::CUB_200700_750_NS::GridEvenShare<T3>, T4, T6)"
0.0,10776017,1156,9321.8,9312.0,6016,15231,922.8,"void uipc::backend::cuda_tool::details::buffer_view_fill_kernel<int>(uipc::backend::cuda_tool::BufferView<T1>, T1)"
0.0,10001779,3,3333926.3,3712988.0,2439132,3849659,777921.9,"void uipc::backend::cuda::<unnamed>::InfoStacklessBVH_stacklessSelf_kernel<(bool)1, (bool)0, uipc::backend::cuda::<unnamed>::SimplicialSurfaceDistanceCheck_NodePred, uipc::backend::cuda::<unnamed>::SimplicialSurfaceDistanceCheck_EE_LeafPred>(int, uipc::backend::cuda_tool::CBufferView<Eigen::AlignedBox<float, (int)3>>, int, int, uipc::backend::cuda_tool::BufferView<int>, uipc::backend::cuda_tool::CBufferView<int>, uipc::backend::cuda_tool::CBufferView<int>, uipc::backend::cuda_tool::BufferView<uipc::backend::cuda::InfoStacklessBVH::Node>, uipc::backend::cuda_tool::BufferView<int>, bool, uipc::backend::cuda_tool::CBufferView<int>, uipc::backend::cuda_tool::CBufferView<int>, bool, uipc::backend::cuda_tool::Dense<int>, uipc::backend::cuda_tool::BufferView<Eigen::Matrix<int, (int)2, (int)1, (int)0, (int)2, (int)1>>, uipc::backend::cuda_tool::Dense<int>, uipc::backend::cuda_tool::BufferView<Eigen::Matrix<int, (int)2, (int)1, (int)0, (int)2, (int)1>>, unsigned long long *, T3, T4)"
0.0,9737462,575,16934.7,14080.0,2656,32832,7177.4,"void cub::CUB_200700_750_NS::DeviceReduceByKeyKernel<cub::CUB_200700_750_NS::detail::device_run_length_encode_policy_hub<int, int>::Policy900, const int *, int *, cub::CUB_200700_750_NS::ConstantInputIterator<int, int>, int *, int *, cub::CUB_200700_750_NS::ReduceByKeyScanTileState<int, int, (bool)1>, cuda::std::__4::equal_to<void>, cuda::std::__4::plus<void>, int, int>(T2, T3, T4, T5, T6, T7, int, T8, T9, T10)"
0.0,9562642,779,12275.5,11808.0,4256,39872,5152.1,"void cub::CUB_200700_750_NS::DeviceSelectSweepKernel<cub::CUB_200700_750_NS::detail::device_select_policy_hub<Eigen::Matrix<int, (int)4, (int)1, (int)0, (int)4, (int)1>, cub::CUB_200700_750_NS::NullType, int, (bool)0, (bool)0>::Policy900, const Eigen::Matrix<int, (int)4, (int)1, (int)0, (int)4, (int)1> *, cub::CUB_200700_750_NS::NullType *, Eigen::Matrix<int, (int)4, (int)1, (int)0, (int)4, (int)1> *, int *, cub::CUB_200700_750_NS::ScanTileState<int, (bool)1>, uipc::backend::cuda::<unnamed>::InfoStacklessBVHSimplexTrajectoryFilter_filter_active_EE_pred, cub::CUB_200700_750_NS::NullType, int, (bool)0, (bool)0>(T2, T3, T4, T5, T6, T7, T8, T9, int, cub::CUB_200700_750_NS::detail::vsmem_t)"
0.0,9542543,779,12249.7,11232.0,4512,46688,5594.5,"void cub::CUB_200700_750_NS::DeviceSelectSweepKernel<cub::CUB_200700_750_NS::detail::device_select_policy_hub<Eigen::Matrix<int, (int)3, (int)1, (int)0, (int)3, (int)1>, cub::CUB_200700_750_NS::NullType, int, (bool)0, (bool)0>::Policy900, const Eigen::Matrix<int, (int)3, (int)1, (int)0, (int)3, (int)1> *, cub::CUB_200700_750_NS::NullType *, Eigen::Matrix<int, (int)3, (int)1, (int)0, (int)3, (int)1> *, int *, cub::CUB_200700_750_NS::ScanTileState<int, (bool)1>, uipc::backend::cuda::<unnamed>::InfoStacklessBVHSimplexTrajectoryFilter_filter_active_PE_pred, cub::CUB_200700_750_NS::NullType, int, (bool)0, (bool)0>(T2, T3, T4, T5, T6, T7, T8, T9, int, cub::CUB_200700_750_NS::detail::vsmem_t)"
0.0,9119604,574,15887.8,13280.0,6016,29696,6308.2,"void cub::CUB_200700_750_NS::DeviceRadixSortHistogramKernel<cub::CUB_200700_750_NS::DeviceRadixSortPolicy<int, int, unsigned int>::Policy900, (bool)0, int, unsigned int, cub::CUB_200700_750_NS::detail::identity_decomposer_t>(T4 *, const T3 *, T4, int, int, T5)"
0.0,8560535,578,14810.6,14784.0,14303,17696,276.5,"uipc::backend::cuda::<unnamed>::abd_linear_subsystem_assemble_kinetic_shape_k2_kernel(uipc::backend::cuda_tool::TripletMatrixViewT<(bool)0, double, (int)3, (int)3>, uipc::backend::cuda_tool::CBufferView<int>, uipc::backend::cuda_tool::CBufferView<int>, uipc::backend::cuda_tool::CBufferView<Eigen::Matrix<double, (int)12, (int)12, (int)0, (int)12, (int)12>>, uipc::backend::cuda_tool::CBufferView<Eigen::Matrix<double, (int)12, (int)12, (int)0, (int)12, (int)12>>, uipc::backend::cuda_tool::BufferView<Eigen::Matrix<double, (int)12, (int)12, (int)0, (int)12, (int)12>>, int)"
0.0,8001044,578,13842.6,13759.5,12768,65343,2186.1,"uipc::backend::cuda::<unnamed>::FiniteElementBDF1Kinetic_do_compute_gradient_hessian_kernel(uipc::backend::cuda_tool::CBufferView<int>, uipc::backend::cuda_tool::CBufferView<Eigen::Matrix<double, (int)3, (int)1, (int)0, (int)3, (int)1>>, uipc::backend::cuda_tool::CBufferView<Eigen::Matrix<double, (int)3, (int)1, (int)0, (int)3, (int)1>>, uipc::backend::cuda_tool::CBufferView<double>, uipc::backend::cuda_tool::DoubletVectorViewT<(bool)0, double, (int)3>, uipc::backend::cuda_tool::TripletMatrixViewT<(bool)0, double, (int)3, (int)3>, bool, int)"
0.0,7692531,572,13448.5,9872.0,3424,38080,9938.0,"uipc::backend::cuda::<unnamed>::compute_feasible_step_PP_kernel(uipc::backend::cuda_tool::CBufferView<Eigen::Matrix<int, (int)2, (int)1, (int)0, (int)2, (int)1>>, uipc::backend::cuda_tool::CBufferView<Eigen::Matrix<double, (int)3, (int)1, (int)0, (int)3, (int)1>>, uipc::backend::cuda_tool::CBufferView<Eigen::Matrix<double, (int)3, (int)1, (int)0, (int)3, (int)1>>, uipc::backend::cuda_tool::CBufferView<double>, uipc::backend::cuda_tool::BufferView<double>, double, int)"
0.0,7407322,338,21915.2,22976.0,7328,23648,3593.4,"uipc::backend::cuda::<unnamed>::ABDFEMLinearSubsystem_assemble_kernel(uipc::backend::cuda_tool::CBufferView<int>, uipc::backend::cuda_tool::CBufferView<uipc::backend::cuda::ABDJacobi>, uipc::backend::cuda_tool::CBufferView<int>, uipc::backend::cuda_tool::CBufferView<int>, uipc::backend::cuda_tool::TripletMatrixViewT<(bool)0, double, (int)3, (int)3>, uipc::backend::cuda_tool::TripletMatrixViewT<(bool)1, double, (int)3, (int)3>, int, int, int)"
0.0,7362132,779,9450.7,9024.0,3648,32415,4005.2,"void cub::CUB_200700_750_NS::DeviceSelectSweepKernel<cub::CUB_200700_750_NS::detail::device_select_policy_hub<Eigen::Matrix<int, (int)2, (int)1, (int)0, (int)2, (int)1>, cub::CUB_200700_750_NS::NullType, int, (bool)0, (bool)0>::Policy900, const Eigen::Matrix<int, (int)2, (int)1, (int)0, (int)2, (int)1> *, cub::CUB_200700_750_NS::NullType *, Eigen::Matrix<int, (int)2, (int)1, (int)0, (int)2, (int)1> *, int *, cub::CUB_200700_750_NS::ScanTileState<int, (bool)1>, uipc::backend::cuda::<unnamed>::InfoStacklessBVHSimplexTrajectoryFilter_filter_active_PP_pred, cub::CUB_200700_750_NS::NullType, int, (bool)0, (bool)0>(T2, T3, T4, T5, T6, T7, T8, T9, int, cub::CUB_200700_750_NS::detail::vsmem_t)"
0.0,7222606,6107,1182.7,1216.0,928,2432,152.7,"void cub::CUB_200700_750_NS::DeviceScanInitKernel<cub::CUB_200700_750_NS::ScanTileState<int, (bool)1>>(T1, int)"
0.0,7021237,183,38367.4,39712.0,31072,41536,2863.5,"uipc::backend::cuda::<unnamed>::do_assemble_kernel(bool, uipc::backend::cuda_tool::DoubletVectorViewT<(bool)0, double, (int)3>, uipc::backend::cuda_tool::TripletMatrixViewT<(bool)0, double, (int)3, (int)3>, uipc::backend::cuda_tool::CBufferView<Eigen::Matrix<int, (int)2, (int)1, (int)0, (int)2, (int)1>>, uipc::backend::cuda_tool::CBufferView<Eigen::Matrix<double, (int)3, (int)1, (int)0, (int)3, (int)1>>, uipc::backend::cuda_tool::CBufferView<Eigen::Matrix<double, (int)3, (int)1, (int)0, (int)3, (int)1>>, uipc::backend::cuda_tool::Dense2DBase<(bool)1, uipc::backend::cuda::ContactCoeff>, uipc::backend::cuda_tool::CBufferView<int>, uipc::backend::cuda_tool::CBufferView<Eigen::Matrix<double, (int)3, (int)1, (int)0, (int)3, (int)1>>, uipc::backend::cuda_tool::CBufferView<Eigen::Matrix<double, (int)3, (int)1, (int)0, (int)3, (int)1>>, uipc::backend::cuda_tool::CBufferView<double>, double, uipc::backend::cuda_tool::CBufferView<double>, int, double, int)"
0.0,6389844,3129,2042.1,2016.0,1184,2976,110.7,"void cub::CUB_200700_750_NS::DeviceReduceSingleTileKernel<cub::CUB_200700_750_NS::DeviceReducePolicy<double, unsigned int, cuda::std::__4::plus<void>>::Policy600, const double *, double *, unsigned int, cuda::std::__4::plus<void>, double, double, cuda::std::__4::__identity>(T2, T3, T4, T5, T6, T8)"
0.0,5720087,130,44000.7,44064.0,43007,45536,445.7,"uipc::backend::cuda::<unnamed>::DahlFrictionDiscreteShellBendingTimeIntegrator_do_update_state_kernel(uipc::backend::cuda_tool::CBufferView<Eigen::Matrix<int, (int)4, (int)1, (int)0, (int)4, (int)1>>, uipc::backend::cuda_tool::BufferView<double>, uipc::backend::cuda_tool::BufferView<double>, uipc::backend::cuda_tool::CBufferView<double>, uipc::backend::cuda_tool::CBufferView<double>, uipc::backend::cuda_tool::CBufferView<Eigen::Matrix<double, (int)3, (int)1, (int)0, (int)3, (int)1>>, int)"
0.0,5686232,578,9837.8,9984.0,5568,12480,961.6,"uipc::backend::cuda::<unnamed>::EasyVertexHalfPlaneTrajectoryFilter_filter_toi_kernel(uipc::backend::cuda_tool::CBufferView<int>, int, uipc::backend::cuda_tool::CBufferView<Eigen::Matrix<double, (int)3, (int)1, (int)0, (int)3, (int)1>>, uipc::backend::cuda_tool::CBufferView<double>, uipc::backend::cuda_tool::CBufferView<int>, uipc::backend::cuda_tool::CBufferView<int>, uipc::backend::cuda_tool::Dense2DBase<(bool)1, int>, uipc::backend::cuda_tool::Dense2DBase<(bool)1, int>, uipc::backend::cuda_tool::CBufferView<Eigen::Matrix<double, (int)3, (int)1, (int)0, (int)3, (int)1>>, uipc::backend::cuda_tool::CBufferView<Eigen::Matrix<double, (int)3, (int)1, (int)0, (int)3, (int)1>>, uipc::backend::cuda_tool::CBufferView<Eigen::Matrix<double, (int)3, (int)1, (int)0, (int)3, (int)1>>, uipc::backend::cuda_tool::BufferView<double>, double, int)"
0.0,5558519,578,9616.8,9600.0,9280,12576,227.3,"uipc::backend::cuda::<unnamed>::abd_linear_subsystem_assemble_reporters_k2_kernel(uipc::backend::cuda_tool::TripletMatrixViewT<(bool)0, double, (int)3, (int)3>, uipc::backend::cuda_tool::TripletMatrixViewT<(bool)1, double, (int)12, (int)12>, uipc::backend::cuda_tool::BufferView<Eigen::Matrix<double, (int)12, (int)12, (int)0, (int)12, (int)12>>, uipc::backend::cuda_tool::CBufferView<int>, int)"
0.0,5481494,1725,3177.7,3136.0,1408,5280,779.7,"uipc::backend::cuda::<unnamed>::GlobalDyTopoEffectManager_distribute_k3_kernel(uipc::backend::cuda_tool::BufferView<int>, uipc::backend::cuda_tool::Dense<int>, uipc::backend::cuda_tool::TripletMatrixViewT<(bool)1, double, (int)3, (int)3>, Eigen::Matrix<int, (int)2, (int)1, (int)0, (int)2, (int)1>, Eigen::Matrix<int, (int)2, (int)1, (int)0, (int)2, (int)1>, int)"
0.0,5460884,789,6921.3,6912.0,6048,9536,249.0,"uipc::backend::cuda::<unnamed>::EasyVertexHalfPlaneTrajectoryFilter_filter_active_kernel(uipc::backend::cuda_tool::Dense<int>, int, uipc::backend::cuda_tool::CBufferView<int>, uipc::backend::cuda_tool::CBufferView<Eigen::Matrix<double, (int)3, (int)1, (int)0, (int)3, (int)1>>, uipc::backend::cuda_tool::CBufferView<double>, uipc::backend::cuda_tool::CBufferView<int>, uipc::backend::cuda_tool::CBufferView<int>, uipc::backend::cuda_tool::Dense2DBase<(bool)1, int>, uipc::backend::cuda_tool::Dense2DBase<(bool)1, int>, uipc::backend::cuda_tool::CBufferView<Eigen::Matrix<double, (int)3, (int)1, (int)0, (int)3, (int)1>>, uipc::backend::cuda_tool::CBufferView<Eigen::Matrix<double, (int)3, (int)1, (int)0, (int)3, (int)1>>, uipc::backend::cuda_tool::BufferView<Eigen::Matrix<int, (int)2, (int)1, (int)0, (int)2, (int)1>>, uipc::backend::cuda_tool::CBufferView<double>, unsigned long, int)"
0.0,5380061,130,41385.1,41440.0,40416,42880,412.8,"uipc::backend::cuda::<unnamed>::StressPlasticDiscreteShellBendingTimeIntegrator_do_update_state_kernel(uipc::backend::cuda_tool::CBufferView<Eigen::Matrix<int, (int)4, (int)1, (int)0, (int)4, (int)1>>, uipc::backend::cuda_tool::BufferView<double>, uipc::backend::cuda_tool::BufferView<double>, uipc::backend::cuda_tool::CBufferView<double>, uipc::backend::cuda_tool::CBufferView<double>, uipc::backend::cuda_tool::CBufferView<double>, uipc::backend::cuda_tool::CBufferView<double>, uipc::backend::cuda_tool::CBufferView<Eigen::Matrix<double, (int)3, (int)1, (int)0, (int)3, (int)1>>, int)"
0.0,5272120,708,7446.5,7136.0,6432,9888,777.8,"uipc::backend::cuda::<unnamed>::InfoStacklessBVHSimplexTrajectoryFilter_detect_k2_kernel(uipc::backend::cuda_tool::CBufferView<int>, uipc::backend::cuda_tool::CBufferView<Eigen::Matrix<double, (int)3, (int)1, (int)0, (int)3, (int)1>>, uipc::backend::cuda_tool::CBufferView<Eigen::Matrix<double, (int)3, (int)1, (int)0, (int)3, (int)1>>, uipc::backend::cuda_tool::BufferView<Eigen::AlignedBox<float, (int)3>>, uipc::backend::cuda_tool::CBufferView<int>, uipc::backend::cuda_tool::CBufferView<int>, uipc::backend::cuda_tool::BufferView<int>, uipc::backend::cuda_tool::BufferView<int>, uipc::backend::cuda_tool::CBufferView<double>, uipc::backend::cuda_tool::CBufferView<double>, double, int)"
0.0,5214713,779,6694.1,6720.0,3104,18528,2254.8,"void cub::CUB_200700_750_NS::DeviceSelectSweepKernel<cub::CUB_200700_750_NS::detail::device_select_policy_hub<Eigen::Matrix<int, (int)4, (int)1, (int)0, (int)4, (int)1>, cub::CUB_200700_750_NS::NullType, int, (bool)0, (bool)0>::Policy900, const Eigen::Matrix<int, (int)4, (int)1, (int)0, (int)4, (int)1> *, cub::CUB_200700_750_NS::NullType *, Eigen::Matrix<int, (int)4, (int)1, (int)0, (int)4, (int)1> *, int *, cub::CUB_200700_750_NS::ScanTileState<int, (bool)1>, uipc::backend::cuda::<unnamed>::InfoStacklessBVHSimplexTrajectoryFilter_filter_active_PT_pred, cub::CUB_200700_750_NS::NullType, int, (bool)0, (bool)0>(T2, T3, T4, T5, T6, T7, T8, T9, int, cub::CUB_200700_750_NS::detail::vsmem_t)"
0.0,5168818,1153,4482.9,4192.0,1248,8800,1601.6,"uipc::backend::cuda::<unnamed>::matrix_converter_make_unique_indices_k1_kernel(uipc::backend::cuda_tool::BufferView<uipc::backend::cuda::MatrixConverterIntPair>, uipc::backend::cuda_tool::BufferView<int>, uipc::backend::cuda_tool::BufferView<int>, int)"
0.0,4994554,177,28217.8,28192.0,27744,28768,210.3,"uipc::backend::cuda::<unnamed>::do_assemble_kernel(bool, uipc::backend::cuda_tool::DoubletVectorViewT<(bool)0, double, (int)3>, uipc::backend::cuda_tool::TripletMatrixViewT<(bool)0, double, (int)3, (int)3>, uipc::backend::cuda_tool::CBufferView<Eigen::Matrix<int, (int)2, (int)1, (int)0, (int)2, (int)1>>, uipc::backend::cuda_tool::CBufferView<Eigen::Matrix<double, (int)3, (int)1, (int)0, (int)3, (int)1>>, uipc::backend::cuda_tool::CBufferView<Eigen::Matrix<double, (int)3, (int)1, (int)0, (int)3, (int)1>>, uipc::backend::cuda_tool::Dense2DBase<(bool)1, uipc::backend::cuda::ContactCoeff>, uipc::backend::cuda_tool::CBufferView<int>, uipc::backend::cuda_tool::CBufferView<Eigen::Matrix<double, (int)3, (int)1, (int)0, (int)3, (int)1>>, uipc::backend::cuda_tool::CBufferView<double>, uipc::backend::cuda_tool::CBufferView<double>, int, double, int)"
0.0,4975964,269,18498.0,16608.0,13408,26048,3853.9,"uipc::backend::cuda::<unnamed>::InfoStacklessBVH_buildPrimitivesFromBox_kernel(uipc::backend::cuda_tool::BufferView<int>, uipc::backend::cuda_tool::BufferView<Eigen::AlignedBox<float, (int)3>>, uipc::backend::cuda_tool::BufferView<int>, uipc::backend::cuda_tool::BufferView<int>, uipc::backend::cuda_tool::BufferView<int>, uipc::backend::cuda_tool::CBufferView<int>, uipc::backend::cuda_tool::CBufferView<int>, bool, uipc::backend::cuda_tool::CBufferView<Eigen::AlignedBox<float, (int)3>>, int)"
0.0,4851929,781,6212.5,6208.0,5632,7328,228.9,"uipc::backend::cuda::<unnamed>::FiniteElementBDF1Kinetic_do_compute_energy_kernel(uipc::backend::cuda_tool::CBufferView<int>, uipc::backend::cuda_tool::CBufferView<Eigen::Matrix<double, (int)3, (int)1, (int)0, (int)3, (int)1>>, uipc::backend::cuda_tool::CBufferView<Eigen::Matrix<double, (int)3, (int)1, (int)0, (int)3, (int)1>>, uipc::backend::cuda_tool::CBufferView<double>, uipc::backend::cuda_tool::BufferView<double>, int)"
0.0,4846519,4281,1132.1,1056.0,896,1696,183.2,"void cub::CUB_200700_750_NS::DeviceCompactInitKernel<cub::CUB_200700_750_NS::ScanTileState<int, (bool)1>, int *>(T1, int, T2)"
0.0,4666140,2338,1995.8,2048.0,1728,2528,142.1,"void cub::CUB_200700_750_NS::DeviceReduceSingleTileKernel<cub::CUB_200700_750_NS::DeviceReducePolicy<double, unsigned int, cuda::std::__4::plus<void>>::Policy600, double *, double *, int, cuda::std::__4::plus<void>, double, double, cuda::std::__4::__identity>(T2, T3, T4, T5, T6, T8)"
0.0,4575930,575,7958.1,3072.0,1824,26208,7850.8,"void uipc::backend::cuda_tool::<unnamed>::fast_segmental_reduce_zero_cross_warp_kernel<(int)32, double, (int)3, (int)1, uipc::backend::cuda_tool::<unnamed>::fast_segmental_reduce_get_offset_key_op, (int)32>(uipc::backend::cuda_tool::BufferView<Eigen::Matrix<T2, T3, T4, (Eigen::StorageOptions)0|T3==(int)1&&T4!=(int)1?(Eigen::StorageOptions)1:T4==(int)1&&T3!=(int)1?(Eigen::StorageOptions)0:(Eigen::StorageOptions)0, T3, T4>>, unsigned long, T5, int)"
0.0,4422937,247,17906.6,16480.0,15584,355744,21590.0,"uipc::backend::cuda::<unnamed>::do_compute_energy_kernel(uipc::backend::cuda_tool::BufferView<double>, uipc::backend::cuda_tool::CBufferView<Eigen::Matrix<int, (int)2, (int)1, (int)0, (int)2, (int)1>>, uipc::backend::cuda_tool::CBufferView<Eigen::Matrix<double, (int)3, (int)1, (int)0, (int)3, (int)1>>, uipc::backend::cuda_tool::CBufferView<Eigen::Matrix<double, (int)3, (int)1, (int)0, (int)3, (int)1>>, uipc::backend::cuda_tool::Dense2DBase<(bool)1, uipc::backend::cuda::ContactCoeff>, uipc::backend::cuda_tool::CBufferView<int>, uipc::backend::cuda_tool::CBufferView<Eigen::Matrix<double, (int)3, (int)1, (int)0, (int)3, (int)1>>, uipc::backend::cuda_tool::CBufferView<Eigen::Matrix<double, (int)3, (int)1, (int)0, (int)3, (int)1>>, uipc::backend::cuda_tool::CBufferView<double>, double, uipc::backend::cuda_tool::CBufferView<double>, int, double, int)"
0.0,4384281,130,33725.2,33568.0,32768,35424,594.7,"uipc::backend::cuda::<unnamed>::StrainPlasticDiscreteShellBendingTimeIntegrator_do_update_state_kernel(uipc::backend::cuda_tool::CBufferView<Eigen::Matrix<int, (int)4, (int)1, (int)0, (int)4, (int)1>>, uipc::backend::cuda_tool::BufferView<double>, uipc::backend::cuda_tool::BufferView<double>, uipc::backend::cuda_tool::CBufferView<double>, uipc::backend::cuda_tool::CBufferView<Eigen::Matrix<double, (int)3, (int)1, (int)0, (int)3, (int)1>>, int)"
0.0,4313434,575,7501.6,5760.0,1152,25696,4158.9,"uipc::backend::cuda::<unnamed>::matrix_converter_radix_sort_segments_k1_kernel(uipc::backend::cuda_tool::BufferView<int>, int)"
0.0,4298842,405,10614.4,10464.0,10144,12991,438.5,"void cub::CUB_200700_750_NS::DeviceRadixSortHistogramKernel<cub::CUB_200700_750_NS::DeviceRadixSortPolicy<unsigned int, int, unsigned int>::Policy900, (bool)0, unsigned int, unsigned int, cub::CUB_200700_750_NS::detail::identity_decomposer_t>(T4 *, const T3 *, T4, int, int, T5)"
0.0,3887614,1728,2249.8,2208.0,1952,2976,184.3,"void cub::CUB_200700_750_NS::DeviceReduceSingleTileKernel<cub::CUB_200700_750_NS::DeviceReducePolicy<double, unsigned int, cub::CUB_200700_750_NS::Min>::Policy600, double *, double *, int, cub::CUB_200700_750_NS::Min, double, double, cuda::std::__4::__identity>(T2, T3, T4, T5, T6, T8)"
0.0,3616251,781,4630.3,4576.0,4384,12416,319.2,"uipc::backend::cuda::<unnamed>::affine_body_bdf1_kinetic_compute_energy_kernel(uipc::backend::cuda_tool::CBufferView<int>, uipc::backend::cuda_tool::CBufferView<int>, uipc::backend::cuda_tool::CBufferView<Eigen::Matrix<double, (int)12, (int)1, (int)0, (int)12, (int)1>>, uipc::backend::cuda_tool::CBufferView<Eigen::Matrix<double, (int)12, (int)1, (int)0, (int)12, (int)1>>, uipc::backend::cuda_tool::CBufferView<uipc::backend::cuda::ABDJacobiDyadicMass>, uipc::backend::cuda_tool::BufferView<double>, int)"
0.0,3290810,3,1096936.7,1024382.0,1022334,1244094,127446.1,"void uipc::backend::cuda::<unnamed>::InfoStacklessBVH_stacklessOther_kernel<(bool)1, uipc::backend::cuda::<unnamed>::SimplicialSurfaceDistanceCheck_NodePred, uipc::backend::cuda::<unnamed>::SimplicialSurfaceDistanceCheck_PT_LeafPred>(int, uipc::backend::cuda_tool::CBufferView<Eigen::AlignedBox<float, (int)3>>, uipc::backend::cuda_tool::CBufferView<int>, int, int, uipc::backend::cuda_tool::BufferView<int>, uipc::backend::cuda_tool::CBufferView<int>, uipc::backend::cuda_tool::CBufferView<int>, uipc::backend::cuda_tool::BufferView<uipc::backend::cuda::InfoStacklessBVH::Node>, uipc::backend::cuda_tool::CBufferView<int>, uipc::backend::cuda_tool::CBufferView<int>, bool, uipc::backend::cuda_tool::Dense<int>, uipc::backend::cuda_tool::BufferView<Eigen::Matrix<int, (int)2, (int)1, (int)0, (int)2, (int)1>>, uipc::backend::cuda_tool::Dense<int>, uipc::backend::cuda_tool::BufferView<Eigen::Matrix<int, (int)2, (int)1, (int)0, (int)2, (int)1>>, T2, T3)"
0.0,3207132,338,9488.6,9440.0,9024,10080,202.8,"uipc::backend::cuda::<unnamed>::abd_linear_subsystem_assemble_dytopo_effect_pair_k3_kernel(uipc::backend::cuda_tool::TripletMatrixViewT<(bool)0, double, (int)3, (int)3>, uipc::backend::cuda_tool::CBufferView<Eigen::Matrix<double, (int)12, (int)12, (int)0, (int)12, (int)12>>, uipc::backend::cuda_tool::CBufferView<unsigned long>, uipc::backend::cuda_tool::BufferView<Eigen::Matrix<double, (int)12, (int)12, (int)0, (int)12, (int)12>>, unsigned long, int)"
0.0,2983388,338,8826.6,8896.0,7840,9120,256.3,"uipc::backend::cuda::<unnamed>::abd_linear_subsystem_assemble_dytopo_effect_pair_warp_kernel(uipc::backend::cuda_tool::TripletMatrixViewT<(bool)1, double, (int)3, (int)3>, uipc::backend::cuda_tool::BufferView<Eigen::Matrix<double, (int)12, (int)12, (int)0, (int)12, (int)12>>, uipc::backend::cuda_tool::CBufferView<int>, uipc::backend::cuda_tool::CBufferView<int>, uipc::backend::cuda_tool::CBufferView<int>, uipc::backend::cuda_tool::CBufferView<uipc::backend::cuda::ABDJacobi>, uipc::backend::cuda_tool::CBufferView<int>, int, int, int)"
0.0,2776318,651,4264.7,4256.0,4032,5312,147.7,"uipc::backend::cuda::<unnamed>::FEMLineSearchReporter_step_forward_kernel(uipc::backend::cuda_tool::CBufferView<Eigen::Matrix<double, (int)3, (int)1, (int)0, (int)3, (int)1>>, uipc::backend::cuda_tool::BufferView<Eigen::Matrix<double, (int)3, (int)1, (int)0, (int)3, (int)1>>, uipc::backend::cuda_tool::CBufferView<Eigen::Matrix<double, (int)3, (int)1, (int)0, (int)3, (int)1>>, double, int)"
0.0,2734109,235,11634.5,11648.0,11296,12416,160.6,"uipc::backend::cuda::<unnamed>::do_compute_energy_kernel(uipc::backend::cuda_tool::BufferView<double>, uipc::backend::cuda_tool::CBufferView<Eigen::Matrix<int, (int)2, (int)1, (int)0, (int)2, (int)1>>, uipc::backend::cuda_tool::CBufferView<Eigen::Matrix<double, (int)3, (int)1, (int)0, (int)3, (int)1>>, uipc::backend::cuda_tool::CBufferView<Eigen::Matrix<double, (int)3, (int)1, (int)0, (int)3, (int)1>>, uipc::backend::cuda_tool::Dense2DBase<(bool)1, uipc::backend::cuda::ContactCoeff>, uipc::backend::cuda_tool::CBufferView<int>, uipc::backend::cuda_tool::CBufferView<Eigen::Matrix<double, (int)3, (int)1, (int)0, (int)3, (int)1>>, uipc::backend::cuda_tool::CBufferView<double>, int, uipc::backend::cuda_tool::CBufferView<double>, double, int)"
0.0,2699996,651,4147.5,4160.0,3552,5344,407.8,"uipc::backend::cuda::<unnamed>::GlobalVertexManager_step_forward_kernel(uipc::backend::cuda_tool::BufferView<Eigen::Matrix<double, (int)3, (int)1, (int)0, (int)3, (int)1>>, uipc::backend::cuda_tool::BufferView<Eigen::Matrix<double, (int)3, (int)1, (int)0, (int)3, (int)1>>, uipc::backend::cuda_tool::BufferView<Eigen::Matrix<double, (int)3, (int)1, (int)0, (int)3, (int)1>>, double, int)"
0.0,2695869,3,898623.0,1134015.0,426495,1135359,408875.4,"void uipc::backend::cuda::<unnamed>::InfoStacklessBVH_pairFilter_kernel<(bool)1, uipc::backend::cuda::<unnamed>::SimplicialSurfaceDistanceCheck_EE_LeafPred>(uipc::backend::cuda_tool::CBufferView<Eigen::Matrix<int, (int)2, (int)1, (int)0, (int)2, (int)1>>, uipc::backend::cuda_tool::Dense<int>, uipc::backend::cuda_tool::CBufferView<int>, uipc::backend::cuda_tool::CBufferView<int>, uipc::backend::cuda_tool::CBufferView<int>, uipc::backend::cuda_tool::CBufferView<int>, uipc::backend::cuda_tool::CBufferView<int>, bool, uipc::backend::cuda_tool::Dense<int>, uipc::backend::cuda_tool::BufferView<Eigen::Matrix<int, (int)2, (int)1, (int)0, (int)2, (int)1>>, T2)"
0.0,2629343,575,4572.8,4576.0,2720,4960,150.2,"uipc::backend::cuda::<unnamed>::FEMLinearSubsystem_assemble_dytopo_effect_k1_kernel(uipc::backend::cuda_tool::DoubletVectorViewT<(bool)1, double, (int)3>, uipc::backend::cuda_tool::DenseVectorViewT<(bool)0, double>, int, uipc::backend::cuda_tool::CBufferView<int>, int)"
0.0,2551355,130,19625.8,19616.0,19232,23552,373.6,"uipc::backend::cuda::<unnamed>::FEMExternalForceManager_step_kernel(uipc::backend::cuda_tool::CBufferView<Eigen::Matrix<double, (int)3, (int)1, (int)0, (int)3, (int)1>>, uipc::backend::cuda_tool::BufferView<Eigen::Matrix<double, (int)3, (int)1, (int)0, (int)3, (int)1>>, uipc::backend::cuda_tool::CBufferView<double>, int)"
0.0,2545082,1734,1467.8,1408.0,1248,2720,175.8,"void uipc::backend::cuda_tool::details::buffer_view_fill_kernel<double>(uipc::backend::cuda_tool::BufferView<T1>, T1)"
0.0,2524704,913,2765.3,3136.0,1824,3744,654.1,"uipc::backend::cuda::<unnamed>::GlobalDyTopoEffectManager_distribute_k2_kernel(uipc::backend::cuda_tool::DoubletVectorViewT<(bool)1, double, (int)3>, uipc::backend::cuda_tool::DoubletVectorViewT<(bool)0, double, (int)3>, Eigen::Matrix<int, (int)2, (int)1, (int)0, (int)2, (int)1>, int)"
0.0,2385115,1728,1380.3,1376.0,992,2016,57.6,"void cub::CUB_200700_750_NS::DeviceCompactInitKernel<cub::CUB_200700_750_NS::ReduceByKeyScanTileState<int, int, (bool)1>, int *>(T1, int, T2)"
0.0,2287837,3,762612.3,774111.0,739327,774399,20166.2,"void uipc::backend::cuda::<unnamed>::InfoStacklessBVH_pairFilter_kernel<(bool)0, uipc::backend::cuda::<unnamed>::SimplicialSurfaceDistanceCheck_PT_LeafPred>(uipc::backend::cuda_tool::CBufferView<Eigen::Matrix<int, (int)2, (int)1, (int)0, (int)2, (int)1>>, uipc::backend::cuda_tool::Dense<int>, uipc::backend::cuda_tool::CBufferView<int>, uipc::backend::cuda_tool::CBufferView<int>, uipc::backend::cuda_tool::CBufferView<int>, uipc::backend::cuda_tool::CBufferView<int>, uipc::backend::cuda_tool::CBufferView<int>, bool, uipc::backend::cuda_tool::Dense<int>, uipc::backend::cuda_tool::BufferView<Eigen::Matrix<int, (int)2, (int)1, (int)0, (int)2, (int)1>>, T2)"
0.0,2268444,708,3204.0,3264.0,2528,4288,308.5,"void uipc::backend::cuda_tool::details::buffer_copy_kernel<Eigen::Matrix<double, (int)3, (int)1, (int)0, (int)3, (int)1>>(uipc::backend::cuda_tool::BufferView<T1>, uipc::backend::cuda_tool::CBufferView<T1>)"
0.0,2200894,708,3108.6,3104.0,3008,3584,54.3,"uipc::backend::cuda::<unnamed>::InfoStacklessBVHSimplexTrajectoryFilter_collect_query_counts_kernel(uipc::backend::cuda_tool::CVarView<int>, uipc::backend::cuda_tool::CVarView<int>, uipc::backend::cuda_tool::CVarView<int>, uipc::backend::cuda_tool::CVarView<int>, uipc::backend::cuda_tool::CVarView<int>, uipc::backend::cuda_tool::CVarView<int>, uipc::backend::cuda_tool::CVarView<int>, uipc::backend::cuda_tool::CVarView<int>, uipc::backend::cuda_tool::BufferView<int>)"
0.0,2106141,578,3643.8,3584.0,3424,4224,127.5,"uipc::backend::cuda::<unnamed>::FEMLinearSubsystem_retrieve_solution_kernel(uipc::backend::cuda_tool::BufferView<Eigen::Matrix<double, (int)3, (int)1, (int)0, (int)3, (int)1>>, uipc::backend::cuda_tool::DenseVectorViewT<(bool)1, double>, int)"
0.0,2056156,405,5076.9,5312.0,3680,7616,921.9,"uipc::backend::cuda::<unnamed>::InfoStacklessBVH_calcMaxBVFromBox_kernel(unsigned long, uipc::backend::cuda_tool::CBufferView<Eigen::AlignedBox<float, (int)3>>, uipc::backend::cuda_tool::Dense<Eigen::AlignedBox<float, (int)3>>)"
0.0,2047037,3,682345.7,761375.0,521951,763711,138910.8,"void uipc::backend::cuda::<unnamed>::InfoStacklessBVH_stacklessOther_kernel<(bool)1, uipc::backend::cuda::<unnamed>::SimplicialSurfaceIntersectionCheck_NodePred, uipc::backend::cuda::<unnamed>::SimplicialSurfaceIntersectionCheck_LeafPred>(int, uipc::backend::cuda_tool::CBufferView<Eigen::AlignedBox<float, (int)3>>, uipc::backend::cuda_tool::CBufferView<int>, int, int, uipc::backend::cuda_tool::BufferView<int>, uipc::backend::cuda_tool::CBufferView<int>, uipc::backend::cuda_tool::CBufferView<int>, uipc::backend::cuda_tool::BufferView<uipc::backend::cuda::InfoStacklessBVH::Node>, uipc::backend::cuda_tool::CBufferView<int>, uipc::backend::cuda_tool::CBufferView<int>, bool, uipc::backend::cuda_tool::Dense<int>, uipc::backend::cuda_tool::BufferView<Eigen::Matrix<int, (int)2, (int)1, (int)0, (int)2, (int)1>>, uipc::backend::cuda_tool::Dense<int>, uipc::backend::cuda_tool::BufferView<Eigen::Matrix<int, (int)2, (int)1, (int)0, (int)2, (int)1>>, T2, T3)"
0.0,1963003,578,3396.2,3392.0,3200,6720,174.1,"uipc::backend::cuda::<unnamed>::FEMLinearSubsystem_assemble_kinetic_kernel(uipc::backend::cuda_tool::DenseVectorViewT<(bool)0, double>, uipc::backend::cuda_tool::DoubletVectorViewT<(bool)1, double, (int)3>, uipc::backend::cuda_tool::CBufferView<int>, int)"
0.0,1916061,336,5702.6,5696.0,5440,6816,161.1,"void cub::CUB_200700_750_NS::DeviceReduceKernel<cub::CUB_200700_750_NS::DeviceReducePolicy<double, unsigned int, uipc::backend::cuda::<unnamed>::GlobalVertexManager_MaxAbsOp>::Policy600, const double *, unsigned int, uipc::backend::cuda::<unnamed>::GlobalVertexManager_MaxAbsOp, double, cuda::std::__4::__identity>(T2, T5 *, T3, cub::CUB_200700_750_NS::GridEvenShare<T3>, T4, T6)"
0.0,1914682,1150,1664.9,1568.0,1280,2176,205.9,"uipc::backend::cuda::<unnamed>::GlobalDyTopoEffectManager_distribute_k1_kernel(uipc::backend::cuda_tool::Dense<Eigen::Matrix<int, (int)2, (int)1, (int)0, (int)2, (int)1>>, uipc::backend::cuda_tool::DoubletVectorViewT<(bool)1, double, (int)3>, Eigen::Matrix<int, (int)2, (int)1, (int)0, (int)2, (int)1>, int)"
0.0,1903486,1152,1652.3,1664.0,1280,1952,83.3,"void cub::CUB_200700_750_NS::DeviceRadixSortExclusiveSumKernel<cub::CUB_200700_750_NS::DeviceRadixSortPolicy<unsigned long, int, unsigned int>::Policy900, unsigned int>(T2 *)"
0.0,1628509,651,2501.5,2496.0,2432,2976,70.0,"uipc::backend::cuda::<unnamed>::abd_line_search_reporter_step_forward_kernel(uipc::backend::cuda_tool::CBufferView<int>, uipc::backend::cuda_tool::CBufferView<Eigen::Matrix<double, (int)12, (int)1, (int)0, (int)12, (int)1>>, uipc::backend::cuda_tool::BufferView<Eigen::Matrix<double, (int)12, (int)1, (int)0, (int)12, (int)1>>, uipc::backend::cuda_tool::CBufferView<Eigen::Matrix<double, (int)12, (int)1, (int)0, (int)12, (int)1>>, double, int)"
0.0,1556990,575,2707.8,2336.0,1632,4960,689.5,"uipc::backend::cuda::<unnamed>::matrix_converter_make_unique_segment_warp_reduction_k1_kernel(uipc::backend::cuda_tool::BufferView<int>, uipc::backend::cuda_tool::BufferView<int>, uipc::backend::cuda_tool::BufferView<int>, int)"
0.0,1422878,578,2461.7,2464.0,2400,2912,51.7,"uipc::backend::cuda::<unnamed>::abd_linear_subsystem_retrieve_solution_kernel(uipc::backend::cuda_tool::BufferView<Eigen::Matrix<double, (int)12, (int)1, (int)0, (int)12, (int)1>>, uipc::backend::cuda_tool::DenseVectorViewT<(bool)1, double>, int)"
0.0,1301278,578,2251.3,2240.0,2176,2688,46.9,"uipc::backend::cuda::<unnamed>::affine_body_vertex_reporter_report_displacements_kernel(uipc::backend::cuda_tool::BufferView<Eigen::Matrix<double, (int)3, (int)1, (int)0, (int)3, (int)1>>, uipc::backend::cuda_tool::CBufferView<int>, uipc::backend::cuda_tool::CBufferView<Eigen::Matrix<double, (int)12, (int)1, (int)0, (int)12, (int)1>>, uipc::backend::cuda_tool::CBufferView<uipc::backend::cuda::ABDJacobi>, int)"
0.0,1297597,578,2245.0,2240.0,2176,4288,96.4,"uipc::backend::cuda::<unnamed>::abd_linear_subsystem_assemble_reporters_k1_kernel(uipc::backend::cuda_tool::DenseVectorViewT<(bool)0, double>, uipc::backend::cuda_tool::DoubletVectorViewT<(bool)1, double, (int)12>, uipc::backend::cuda_tool::CBufferView<int>, int)"
0.0,1256702,527,2384.6,2368.0,1888,2720,146.1,"uipc::backend::cuda::<unnamed>::abd_tolerance_checker_do_check_kernel(uipc::backend::cuda_tool::CBufferView<Eigen::Matrix<double, (int)12, (int)1, (int)0, (int)12, (int)1>>, uipc::backend::cuda_tool::VarView<int>, double, int)"
0.0,1243484,578,2151.4,2144.0,2048,2592,56.5,"uipc::backend::cuda::<unnamed>::abd_linear_subsystem_assemble_kinetic_shape_k1_kernel(uipc::backend::cuda_tool::CBufferView<int>, uipc::backend::cuda_tool::CBufferView<int>, uipc::backend::cuda_tool::CBufferView<Eigen::Matrix<double, (int)12, (int)1, (int)0, (int)12, (int)1>>, uipc::backend::cuda_tool::CBufferView<Eigen::Matrix<double, (int)12, (int)1, (int)0, (int)12, (int)1>>, uipc::backend::cuda_tool::DenseVectorViewT<(bool)0, double>, int)"
0.0,1154303,339,3405.0,3360.0,3296,12480,495.5,"void cub::CUB_200700_750_NS::DeviceRadixSortSingleTileKernel<cub::CUB_200700_750_NS::DeviceRadixSortPolicy<unsigned long, int, unsigned int>::Policy900, (bool)0, unsigned long, int, unsigned int, cub::CUB_200700_750_NS::detail::identity_decomposer_t>(const T3 *, T3 *, const T4 *, T4 *, T5, int, int, T6)"
0.0,1138205,405,2810.4,2400.0,2080,4736,736.9,"uipc::backend::cuda::<unnamed>::InfoStacklessBVH_calcMCsFromBox_kernel(uipc::backend::cuda_tool::CBufferView<Eigen::AlignedBox<float, (int)3>>, uipc::backend::cuda_tool::CDense<Eigen::AlignedBox<float, (int)3>>, uipc::backend::cuda_tool::BufferView<unsigned int>, int)"
0.0,1110973,338,3286.9,3264.0,3104,3616,84.3,"uipc::backend::cuda::<unnamed>::abd_linear_subsystem_assemble_dytopo_effect_k1_kernel(uipc::backend::cuda_tool::DoubletVectorViewT<(bool)1, double, (int)3>, uipc::backend::cuda_tool::DenseVectorViewT<(bool)0, double>, uipc::backend::cuda_tool::CBufferView<int>, uipc::backend::cuda_tool::CBufferView<uipc::backend::cuda::ABDJacobi>, uipc::backend::cuda_tool::CBufferView<int>, int, int)"
0.0,1098302,581,1890.4,1888.0,1823,2208,41.3,"void uipc::backend::cuda_tool::details::buffer_copy_kernel<Eigen::Matrix<double, (int)12, (int)1, (int)0, (int)12, (int)1>>(uipc::backend::cuda_tool::BufferView<T1>, uipc::backend::cuda_tool::CBufferView<T1>)"
0.0,1096606,781,1404.1,1376.0,1312,1888,96.8,"uipc::backend::cuda::<unnamed>::abd_line_search_reporter_compute_energy_kernel(uipc::backend::cuda_tool::CBufferView<int>, uipc::backend::cuda_tool::CBufferView<int>, uipc::backend::cuda_tool::BufferView<double>, int)"
0.0,1085566,130,8350.5,8288.0,7456,9984,377.4,"uipc::backend::cuda::<unnamed>::FEMBDF1Integrator_do_predict_dof_kernel(uipc::backend::cuda_tool::CBufferView<int>, uipc::backend::cuda_tool::CBufferView<int>, uipc::backend::cuda_tool::BufferView<Eigen::Matrix<double, (int)3, (int)1, (int)0, (int)3, (int)1>>, uipc::backend::cuda_tool::CBufferView<Eigen::Matrix<double, (int)3, (int)1, (int)0, (int)3, (int)1>>, uipc::backend::cuda_tool::CBufferView<Eigen::Matrix<double, (int)3, (int)1, (int)0, (int)3, (int)1>>, uipc::backend::cuda_tool::BufferView<Eigen::Matrix<double, (int)3, (int)1, (int)0, (int)3, (int)1>>, uipc::backend::cuda_tool::CBufferView<Eigen::Matrix<double, (int)3, (int)1, (int)0, (int)3, (int)1>>, uipc::backend::cuda_tool::CBufferView<Eigen::Matrix<double, (int)3, (int)1, (int)0, (int)3, (int)1>>, double, int)"
0.0,1083006,781,1386.7,1376.0,1312,1664,41.9,"uipc::backend::cuda::<unnamed>::abd_line_search_reporter_combine_energy_kernel(uipc::backend::cuda_tool::CVarView<double>, uipc::backend::cuda_tool::CVarView<double>, uipc::backend::cuda_tool::CVarView<double>, uipc::backend::cuda_tool::VarView<double>)"
0.0,1062175,269,3948.6,3616.0,2880,5440,729.0,"uipc::backend::cuda::<unnamed>::InfoStacklessBVH_calcIntNodeOrders_kernel(uipc::backend::cuda_tool::BufferView<int>, uipc::backend::cuda_tool::BufferView<int>, uipc::backend::cuda_tool::BufferView<unsigned int>, uipc::backend::cuda_tool::BufferView<unsigned int>, uipc::backend::cuda_tool::BufferView<int>, int)"
0.0,1055934,578,1826.9,1824.0,1440,2080,58.5,"uipc::backend::cuda::<unnamed>::FEMLinearSubsystem_assemble_k1_kernel(uipc::backend::cuda_tool::CBufferView<int>, uipc::backend::cuda_tool::DenseVectorViewT<(bool)0, double>, int)"
0.0,1054944,343,3075.6,3072.0,2976,3808,83.2,"void uipc::backend::cuda_tool::details::buffer_fill_kernel<Eigen::Matrix<double, (int)12, (int)12, (int)0, (int)12, (int)12>>(uipc::backend::cuda_tool::BufferView<T1>, T1)"
0.0,1054623,781,1350.3,1344.0,1280,1632,41.2,"uipc::backend::cuda::<unnamed>::FEMLineSearchReporter_combine_energy_kernel(uipc::backend::cuda_tool::CVarView<double>, uipc::backend::cuda_tool::CVarView<double>, uipc::backend::cuda_tool::VarView<double>)"
0.0,941215,336,2801.2,2784.0,2624,3296,73.5,"void cub::CUB_200700_750_NS::DeviceReduceSingleTileKernel<cub::CUB_200700_750_NS::DeviceReducePolicy<double, unsigned int, uipc::backend::cuda::<unnamed>::GlobalVertexManager_MaxAbsOp>::Policy600, double *, double *, int, uipc::backend::cuda::<unnamed>::GlobalVertexManager_MaxAbsOp, double, double, cuda::std::__4::__identity>(T2, T3, T4, T5, T6, T8)"
0.0,842495,574,1467.8,1440.0,1248,1760,110.1,"void cub::CUB_200700_750_NS::DeviceRadixSortExclusiveSumKernel<cub::CUB_200700_750_NS::DeviceRadixSortPolicy<int, int, unsigned int>::Policy900, unsigned int>(T2 *)"
0.0,803807,273,2944.3,2976.0,2208,3680,209.9,"void cub::CUB_200700_750_NS::DeviceScanKernel<cub::CUB_200700_750_NS::DeviceScanPolicy<unsigned int, cuda::std::__4::plus<void>>::Policy900, const unsigned int *, unsigned int *, cub::CUB_200700_750_NS::ScanTileState<unsigned int, (bool)1>, cuda::std::__4::plus<void>, cub::CUB_200700_750_NS::detail::InputValue<unsigned int, unsigned int *>, unsigned int, unsigned int, (bool)0>(T2, T3, T4, int, T5, T6, T7)"
0.0,790815,578,1368.2,1248.0,1024,1984,200.6,"void uipc::backend::cuda_tool::details::buffer_view_fill_kernel<Eigen::Matrix<float, (int)3, (int)1, (int)0, (int)3, (int)1>>(uipc::backend::cuda_tool::BufferView<T1>, T1)"
0.0,719456,575,1251.2,1280.0,1088,1664,95.8,"uipc::backend::cuda::<unnamed>::matrix_converter_make_unique_vector_indices_k1_kernel(uipc::backend::cuda_tool::BufferView<int>, uipc::backend::cuda_tool::BufferView<int>, int)"
0.0,718656,338,2126.2,2144.0,1984,2272,49.7,"void cub::CUB_200700_750_NS::DeviceScanKernel<cub::CUB_200700_750_NS::DeviceScanPolicy<int, cuda::std::__4::plus<void>>::Policy900, const int *, int *, cub::CUB_200700_750_NS::ScanTileState<int, (bool)1>, cuda::std::__4::plus<void>, cub::CUB_200700_750_NS::NullType, unsigned int, int, (bool)0>(T2, T3, T4, int, T5, T6, T7)"
0.0,672063,338,1988.4,1984.0,1824,2112,29.9,"uipc::backend::cuda::<unnamed>::abd_linear_subsystem_dytopo_pair_key_kernel(uipc::backend::cuda_tool::CBufferView<int>, uipc::backend::cuda_tool::CBufferView<int>, uipc::backend::cuda_tool::CBufferView<int>, uipc::backend::cuda_tool::BufferView<unsigned long>, uipc::backend::cuda_tool::BufferView<int>, int, unsigned long, int)"
0.0,665151,131,5077.5,5056.0,4320,5664,120.0,"void cub::CUB_200700_750_NS::DeviceReduceKernel<cub::CUB_200700_750_NS::DeviceReducePolicy<Eigen::Matrix<double, (int)3, (int)1, (int)0, (int)3, (int)1>, unsigned int, uipc::backend::cuda::<unnamed>::GlobalVertexManager_CwiseMinOp>::Policy600, const Eigen::Matrix<double, (int)3, (int)1, (int)0, (int)3, (int)1> *, unsigned int, uipc::backend::cuda::<unnamed>::GlobalVertexManager_CwiseMinOp, Eigen::Matrix<double, (int)3, (int)1, (int)0, (int)3, (int)1>, cuda::std::__4::__identity>(T2, T5 *, T3, cub::CUB_200700_750_NS::GridEvenShare<T3>, T4, T6)"
0.0,655582,578,1134.2,1120.0,1088,1376,30.5,"void uipc::backend::cuda_tool::details::buffer_view_fill_kernel<Eigen::Matrix<double, (int)3, (int)1, (int)0, (int)3, (int)1>>(uipc::backend::cuda_tool::BufferView<T1>, T1)"
0.0,643968,130,4953.6,4960.0,4832,5856,91.5,"uipc::backend::cuda::<unnamed>::affine_body_external_force_manager_step_kernel(uipc::backend::cuda_tool::CBufferView<Eigen::Matrix<double, (int)12, (int)1, (int)0, (int)12, (int)1>>, uipc::backend::cuda_tool::BufferView<Eigen::Matrix<double, (int)12, (int)1, (int)0, (int)12, (int)1>>, uipc::backend::cuda_tool::CBufferView<Eigen::Matrix<double, (int)12, (int)12, (int)0, (int)12, (int)12>>, int)"
0.0,596128,130,4585.6,4576.0,4448,4672,40.2,"uipc::backend::cuda::<unnamed>::FEMBDF1Integrator_do_update_state_kernel(uipc::backend::cuda_tool::CBufferView<Eigen::Matrix<double, (int)3, (int)1, (int)0, (int)3, (int)1>>, uipc::backend::cuda_tool::BufferView<Eigen::Matrix<double, (int)3, (int)1, (int)0, (int)3, (int)1>>, uipc::backend::cuda_tool::CBufferView<Eigen::Matrix<double, (int)3, (int)1, (int)0, (int)3, (int)1>>, double, int)"
0.0,581180,269,2160.5,2208.0,1632,3104,355.2,"uipc::backend::cuda::<unnamed>::InfoStacklessBVH_updateBvhExtNodeLinks_kernel(uipc::backend::cuda_tool::BufferView<int>, uipc::backend::cuda_tool::BufferView<int>, uipc::backend::cuda_tool::BufferView<unsigned int>, int)"
0.0,578015,269,2148.8,2112.0,1568,3168,340.7,"uipc::backend::cuda::<unnamed>::InfoStacklessBVH_calcInverseMapping_kernel(uipc::backend::cuda_tool::BufferView<int>, uipc::backend::cuda_tool::BufferView<int>, int)"
0.0,575678,269,2140.1,2016.0,1504,2848,239.5,"uipc::backend::cuda::<unnamed>::InfoStacklessBVH_initializeBuildState_kernel(int, uipc::backend::cuda_tool::Dense<Eigen::AlignedBox<float, (int)3>>, uipc::backend::cuda_tool::BufferView<unsigned int>, uipc::backend::cuda_tool::BufferView<int>, uipc::backend::cuda_tool::BufferView<unsigned int>, uipc::backend::cuda_tool::BufferView<int>)"
0.0,558207,338,1651.5,1632.0,1600,1696,25.2,"uipc::backend::cuda::<unnamed>::abd_linear_subsystem_dytopo_pair_scatter_kernel(uipc::backend::cuda_tool::CBufferView<unsigned long>, uipc::backend::cuda_tool::CBufferView<int>, uipc::backend::cuda_tool::CBufferView<int>, uipc::backend::cuda_tool::CBufferView<int>, uipc::backend::cuda_tool::BufferView<int>, uipc::backend::cuda_tool::BufferView<unsigned long>, int)"
0.0,553536,131,4225.5,4224.0,4032,4928,94.2,"void cub::CUB_200700_750_NS::DeviceReduceKernel<cub::CUB_200700_750_NS::DeviceReducePolicy<Eigen::Matrix<double, (int)3, (int)1, (int)0, (int)3, (int)1>, unsigned int, uipc::backend::cuda::<unnamed>::GlobalVertexManager_CwiseMaxOp>::Policy600, const Eigen::Matrix<double, (int)3, (int)1, (int)0, (int)3, (int)1> *, unsigned int, uipc::backend::cuda::<unnamed>::GlobalVertexManager_CwiseMaxOp, Eigen::Matrix<double, (int)3, (int)1, (int)0, (int)3, (int)1>, cuda::std::__4::__identity>(T2, T5 *, T3, cub::CUB_200700_750_NS::GridEvenShare<T3>, T4, T6)"
0.0,545022,131,4160.5,4160.0,3712,4832,96.3,"void cub::CUB_200700_750_NS::DeviceReduceSingleTileKernel<cub::CUB_200700_750_NS::DeviceReducePolicy<Eigen::Matrix<double, (int)3, (int)1, (int)0, (int)3, (int)1>, unsigned int, uipc::backend::cuda::<unnamed>::GlobalVertexManager_CwiseMinOp>::Policy600, Eigen::Matrix<double, (int)3, (int)1, (int)0, (int)3, (int)1> *, Eigen::Matrix<double, (int)3, (int)1, (int)0, (int)3, (int)1> *, int, uipc::backend::cuda::<unnamed>::GlobalVertexManager_CwiseMinOp, Eigen::Matrix<double, (int)3, (int)1, (int)0, (int)3, (int)1>, Eigen::Matrix<double, (int)3, (int)1, (int)0, (int)3, (int)1>, cuda::std::__4::__identity>(T2, T3, T4, T5, T6, T8)"
0.0,543456,3,181152.0,194016.0,152480,196960,24874.3,"void uipc::backend::cuda::<unnamed>::InfoStacklessBVH_pairFilter_kernel<(bool)0, uipc::backend::cuda::<unnamed>::SimplicialSurfaceIntersectionCheck_LeafPred>(uipc::backend::cuda_tool::CBufferView<Eigen::Matrix<int, (int)2, (int)1, (int)0, (int)2, (int)1>>, uipc::backend::cuda_tool::Dense<int>, uipc::backend::cuda_tool::CBufferView<int>, uipc::backend::cuda_tool::CBufferView<int>, uipc::backend::cuda_tool::CBufferView<int>, uipc::backend::cuda_tool::CBufferView<int>, uipc::backend::cuda_tool::CBufferView<int>, bool, uipc::backend::cuda_tool::Dense<int>, uipc::backend::cuda_tool::BufferView<Eigen::Matrix<int, (int)2, (int)1, (int)0, (int)2, (int)1>>, T2)"
0.0,540223,405,1333.9,1312.0,1248,1632,52.9,"void cub::CUB_200700_750_NS::DeviceRadixSortExclusiveSumKernel<cub::CUB_200700_750_NS::DeviceRadixSortPolicy<unsigned int, int, unsigned int>::Policy900, unsigned int>(T2 *)"
0.0,526848,131,4021.7,4032.0,3744,4832,98.8,"void cub::CUB_200700_750_NS::DeviceReduceSingleTileKernel<cub::CUB_200700_750_NS::DeviceReducePolicy<Eigen::Matrix<double, (int)3, (int)1, (int)0, (int)3, (int)1>, unsigned int, uipc::backend::cuda::<unnamed>::GlobalVertexManager_CwiseMaxOp>::Policy600, Eigen::Matrix<double, (int)3, (int)1, (int)0, (int)3, (int)1> *, Eigen::Matrix<double, (int)3, (int)1, (int)0, (int)3, (int)1> *, int, uipc::backend::cuda::<unnamed>::GlobalVertexManager_CwiseMaxOp, Eigen::Matrix<double, (int)3, (int)1, (int)0, (int)3, (int)1>, Eigen::Matrix<double, (int)3, (int)1, (int)0, (int)3, (int)1>, cuda::std::__4::__identity>(T2, T3, T4, T5, T6, T8)"
0.0,485567,269,1805.1,1664.0,1344,2592,394.0,"uipc::backend::cuda::<unnamed>::InfoStacklessBVH_calcExtNodeSplitMetrics_kernel(uipc::backend::cuda_tool::BufferView<unsigned int>, uipc::backend::cuda_tool::BufferView<int>, int)"
0.0,461536,338,1365.5,1376.0,1312,1472,24.4,"uipc::backend::cuda::<unnamed>::abd_linear_subsystem_dytopo_pair_head_kernel(uipc::backend::cuda_tool::CBufferView<unsigned long>, uipc::backend::cuda_tool::BufferView<int>, int)"
0.0,455744,130,3505.7,3552.0,3200,4096,122.1,"uipc::backend::cuda::<unnamed>::abd_bdf1_integrator_predict_dof_kernel(uipc::backend::cuda_tool::CBufferView<int>, uipc::backend::cuda_tool::CBufferView<int>, uipc::backend::cuda_tool::CBufferView<Eigen::Matrix<double, (int)12, (int)1, (int)0, (int)12, (int)1>>, uipc::backend::cuda_tool::BufferView<Eigen::Matrix<double, (int)12, (int)1, (int)0, (int)12, (int)1>>, uipc::backend::cuda_tool::CBufferView<Eigen::Matrix<double, (int)12, (int)1, (int)0, (int)12, (int)1>>, uipc::backend::cuda_tool::BufferView<Eigen::Matrix<double, (int)12, (int)1, (int)0, (int)12, (int)1>>, uipc::backend::cuda_tool::CBufferView<Eigen::Matrix<double, (int)12, (int)1, (int)0, (int)12, (int)1>>, uipc::backend::cuda_tool::CBufferView<Eigen::Matrix<double, (int)12, (int)1, (int)0, (int)12, (int)1>>, double, int)"
0.0,436288,269,1621.9,1696.0,1184,2496,363.0,"void uipc::backend::cuda_tool::details::buffer_copy_kernel<unsigned int>(uipc::backend::cuda_tool::BufferView<T1>, uipc::backend::cuda_tool::CBufferView<T1>)"
0.0,376512,11,34228.4,31168.0,26112,44064,6899.1,"void uipc::backend::cuda_tool::details::buffer_fill_kernel<uipc::backend::cuda::InfoStacklessBVH::Node>(uipc::backend::cuda_tool::BufferView<T1>, T1)"
0.0,338176,273,1238.7,1248.0,1024,1664,185.7,"void cub::CUB_200700_750_NS::DeviceScanInitKernel<cub::CUB_200700_750_NS::ScanTileState<unsigned int, (bool)1>>(T1, int)"
0.0,333408,130,2564.7,2560.0,2496,2784,38.2,"uipc::backend::cuda::<unnamed>::abd_bdf1_integrator_update_state_kernel(uipc::backend::cuda_tool::CBufferView<Eigen::Matrix<double, (int)12, (int)1, (int)0, (int)12, (int)1>>, uipc::backend::cuda_tool::BufferView<Eigen::Matrix<double, (int)12, (int)1, (int)0, (int)12, (int)1>>, uipc::backend::cuda_tool::CBufferView<Eigen::Matrix<double, (int)12, (int)1, (int)0, (int)12, (int)1>>, double, int)"
0.0,331295,130,2548.4,2560.0,2464,3072,54.2,"uipc::backend::cuda::<unnamed>::FEMExternalForceManager_clear_kernel(uipc::backend::cuda_tool::BufferView<Eigen::Matrix<double, (int)3, (int)1, (int)0, (int)3, (int)1>>, int)"
0.0,261982,40,6549.6,6512.0,3360,8544,1342.6,"void uipc::backend::cuda_tool::details::buffer_fill_kernel<Eigen::AlignedBox<float, (int)3>>(uipc::backend::cuda_tool::BufferView<T1>, T1)"
0.0,202783,1,202783.0,202783.0,202783,202783,0.0,"uipc::backend::cuda::<unnamed>::NeoHookeanShell2D_do_init_kernel(uipc::backend::cuda_tool::CBufferView<Eigen::Matrix<int, (int)3, (int)1, (int)0, (int)3, (int)1>>, uipc::backend::cuda_tool::CBufferView<Eigen::Matrix<double, (int)3, (int)1, (int)0, (int)3, (int)1>>, uipc::backend::cuda_tool::BufferView<Eigen::Matrix<double, (int)2, (int)2, (int)0, (int)2, (int)2>>, int)"
0.0,189376,131,1445.6,1440.0,1376,1920,54.3,"uipc::backend::cuda::<unnamed>::HalfPlaneVertexReporter_report_attributes_kernel(uipc::backend::cuda_tool::BufferView<int>, uipc::backend::cuda_tool::BufferView<Eigen::Matrix<double, (int)3, (int)1, (int)0, (int)3, (int)1>>, uipc::backend::cuda_tool::BufferView<Eigen::Matrix<double, (int)3, (int)1, (int)0, (int)3, (int)1>>, uipc::backend::cuda_tool::BufferView<int>, int, int)"
0.0,181440,136,1334.1,1312.0,1120,1664,51.9,"uipc::backend::cuda::<unnamed>::InfoStacklessBVH_initializeQueryState_kernel(int, uipc::backend::cuda_tool::Dense<Eigen::AlignedBox<float, (int)3>>, uipc::backend::cuda_tool::BufferView<int>)"
0.0,141920,130,1091.7,1088.0,1056,1344,32.0,"uipc::backend::cuda::<unnamed>::affine_body_external_force_manager_clear_kernel(uipc::backend::cuda_tool::BufferView<Eigen::Matrix<double, (int)12, (int)1, (int)0, (int)12, (int)1>>, int)"
0.0,104000,1,104000.0,104000.0,104000,104000,0.0,"void uipc::backend::cuda_tool::details::buffer_fill_kernel<uipc::backend::cuda::MASPreconditionerEngine::ClusterMatrixSymT<double>>(uipc::backend::cuda_tool::BufferView<T1>, T1)"
0.0,103935,1,103935.0,103935.0,103935,103935,0.0,"void uipc::backend::cuda_tool::details::buffer_fill_kernel<uipc::backend::cuda::MASPreconditionerEngine::ClusterMatrixSymT<float>>(uipc::backend::cuda_tool::BufferView<T1>, T1)"
0.0,80416,1,80416.0,80416.0,80416,80416,0.0,"uipc::backend::cuda::<unnamed>::StrainLimitingBaraffWitkinShell2D_do_init_kernel(uipc::backend::cuda_tool::CBufferView<Eigen::Matrix<int, (int)3, (int)1, (int)0, (int)3, (int)1>>, uipc::backend::cuda_tool::CBufferView<Eigen::Matrix<double, (int)3, (int)1, (int)0, (int)3, (int)1>>, uipc::backend::cuda_tool::BufferView<Eigen::Matrix<double, (int)2, (int)2, (int)0, (int)2, (int)2>>, int)"
0.0,70624,32,2207.0,2432.0,1120,2944,581.2,"void uipc::backend::cuda_tool::details::buffer_fill_kernel<Eigen::Matrix<double, (int)3, (int)1, (int)0, (int)3, (int)1>>(uipc::backend::cuda_tool::BufferView<T1>, T1)"
0.0,35936,3,11978.7,12064.0,11616,12256,328.4,"uipc::backend::cuda::<unnamed>::SimplicialSurfaceIntersectionCheck_build_edge_aabbs_kernel(uipc::backend::cuda_tool::CBufferView<Eigen::Matrix<double, (int)3, (int)1, (int)0, (int)3, (int)1>>, uipc::backend::cuda_tool::CBufferView<Eigen::Matrix<int, (int)2, (int)1, (int)0, (int)2, (int)1>>, uipc::backend::cuda_tool::CBufferView<int>, uipc::backend::cuda_tool::CBufferView<int>, uipc::backend::cuda_tool::BufferView<Eigen::AlignedBox<float, (int)3>>, uipc::backend::cuda_tool::BufferView<int>, uipc::backend::cuda_tool::BufferView<int>, int)"
0.0,34784,1,34784.0,34784.0,34784,34784,0.0,uipc::backend::cuda::<unnamed>::say_hello_from_cuda_kernel(uipc::backend::cuda_tool::LoggerViewer)
0.0,29600,3,9866.7,10208.0,8704,10688,1035.1,"uipc::backend::cuda::<unnamed>::SimplicialSurfaceDistanceCheck_build_edge_aabbs_kernel(uipc::backend::cuda_tool::CBufferView<Eigen::Matrix<double, (int)3, (int)1, (int)0, (int)3, (int)1>>, uipc::backend::cuda_tool::CBufferView<Eigen::Matrix<int, (int)2, (int)1, (int)0, (int)2, (int)1>>, uipc::backend::cuda_tool::CBufferView<double>, uipc::backend::cuda_tool::CBufferView<double>, uipc::backend::cuda_tool::BufferView<Eigen::AlignedBox<float, (int)3>>, int)"
0.0,29600,3,9866.7,10208.0,8544,10848,1189.3,"uipc::backend::cuda::<unnamed>::SimplicialSurfaceDistanceCheck_build_tri_aabbs_kernel(uipc::backend::cuda_tool::CBufferView<Eigen::Matrix<double, (int)3, (int)1, (int)0, (int)3, (int)1>>, uipc::backend::cuda_tool::CBufferView<Eigen::Matrix<int, (int)3, (int)1, (int)0, (int)3, (int)1>>, uipc::backend::cuda_tool::CBufferView<double>, uipc::backend::cuda_tool::CBufferView<double>, uipc::backend::cuda_tool::BufferView<Eigen::AlignedBox<float, (int)3>>, int)"
0.0,27232,3,9077.3,9088.0,8224,9920,848.1,"uipc::backend::cuda::<unnamed>::SimplicialSurfaceIntersectionCheck_build_tri_aabbs_kernel(uipc::backend::cuda_tool::CBufferView<Eigen::Matrix<double, (int)3, (int)1, (int)0, (int)3, (int)1>>, uipc::backend::cuda_tool::CBufferView<Eigen::Matrix<int, (int)3, (int)1, (int)0, (int)3, (int)1>>, uipc::backend::cuda_tool::CBufferView<int>, uipc::backend::cuda_tool::CBufferView<int>, uipc::backend::cuda_tool::BufferView<Eigen::AlignedBox<float, (int)3>>, uipc::backend::cuda_tool::BufferView<int>, uipc::backend::cuda_tool::BufferView<int>, int)"
0.0,18656,13,1435.1,1440.0,1376,1664,73.7,"void uipc::backend::cuda_tool::details::buffer_fill_kernel<Eigen::Matrix<double, (int)12, (int)1, (int)0, (int)12, (int)1>>(uipc::backend::cuda_tool::BufferView<T1>, T1)"
0.0,18336,3,6112.0,6432.0,5408,6496,610.5,"uipc::backend::cuda::<unnamed>::HalfPlaneVertexDistanceCheck_do_check_kernel(uipc::backend::cuda_tool::CBufferView<Eigen::Matrix<double, (int)3, (int)1, (int)0, (int)3, (int)1>>, uipc::backend::cuda_tool::CBufferView<double>, uipc::backend::cuda_tool::CBufferView<int>, uipc::backend::cuda_tool::CBufferView<int>, uipc::backend::cuda_tool::Dense2DBase<(bool)1, int>, uipc::backend::cuda_tool::Dense2DBase<(bool)1, int>, uipc::backend::cuda_tool::CBufferView<Eigen::Matrix<double, (int)3, (int)1, (int)0, (int)3, (int)1>>, uipc::backend::cuda_tool::CBufferView<Eigen::Matrix<double, (int)3, (int)1, (int)0, (int)3, (int)1>>, uipc::backend::cuda_tool::CBufferView<int>, uipc::backend::cuda_tool::CBufferView<int>, uipc::backend::cuda_tool::BufferView<int>, uipc::backend::cuda_tool::Dense<int>, unsigned long, int)"
0.0,16896,4,4224.0,4656.0,2560,5024,1139.8,"uipc::backend::cuda::<unnamed>::MASPreconditionerEngine_build_connect_mask_Lx_kernel(uipc::backend::cuda_tool::CBufferView<unsigned int>, uipc::backend::cuda_tool::BufferView<unsigned int>, uipc::backend::cuda_tool::BufferView<unsigned int>, uipc::backend::cuda_tool::CBufferView<int>, uipc::backend::cuda_tool::BufferView<unsigned int>, uipc::backend::cuda_tool::CBufferView<unsigned int>, uipc::backend::cuda_tool::CBufferView<int>, int, int, int)"
0.0,16192,8,2024.0,2032.0,1728,2336,205.1,"void uipc::backend::cuda_tool::details::buffer_fill_kernel<Eigen::Matrix<int, (int)3, (int)1, (int)0, (int)3, (int)1>>(uipc::backend::cuda_tool::BufferView<T1>, T1)"
0.0,13344,3,4448.0,4416.0,4128,4800,337.1,"uipc::backend::cuda::<unnamed>::SimplicialSurfaceDistanceCheck_build_point_aabbs_kernel(uipc::backend::cuda_tool::CBufferView<Eigen::Matrix<double, (int)3, (int)1, (int)0, (int)3, (int)1>>, uipc::backend::cuda_tool::CBufferView<double>, uipc::backend::cuda_tool::CBufferView<double>, uipc::backend::cuda_tool::BufferView<Eigen::AlignedBox<float, (int)3>>, int)"
0.0,12000,7,1714.3,1664.0,1376,1952,193.6,"void uipc::backend::cuda_tool::details::buffer_fill_kernel<Eigen::Matrix<int, (int)2, (int)1, (int)0, (int)2, (int)1>>(uipc::backend::cuda_tool::BufferView<T1>, T1)"
0.0,11232,1,11232.0,11232.0,11232,11232,0.0,"uipc::backend::cuda::<unnamed>::FiniteElementMethod_build_on_device_k2_kernel(uipc::backend::cuda_tool::BufferView<Eigen::Matrix<int, (int)3, (int)1, (int)0, (int)3, (int)1>>, uipc::backend::cuda_tool::BufferView<Eigen::Matrix<double, (int)3, (int)1, (int)0, (int)3, (int)1>>, uipc::backend::cuda_tool::BufferView<double>, int)"
0.0,11168,1,11168.0,11168.0,11168,11168,0.0,"void cub::CUB_200700_750_NS::DeviceRadixSortSingleTileKernel<cub::CUB_200700_750_NS::DeviceRadixSortPolicy<int, int, unsigned int>::Policy900, (bool)0, int, int, unsigned int, cub::CUB_200700_750_NS::detail::identity_decomposer_t>(const T3 *, T3 *, const T4 *, T4 *, T5, int, int, T6)"
0.0,10432,3,3477.3,3680.0,2944,3808,466.3,"uipc::backend::cuda::<unnamed>::SimplicialSurfaceDistanceCheck_gather_edge_bids_cids_kernel(uipc::backend::cuda_tool::CBufferView<Eigen::Matrix<int, (int)2, (int)1, (int)0, (int)2, (int)1>>, uipc::backend::cuda_tool::CBufferView<int>, uipc::backend::cuda_tool::CBufferView<int>, uipc::backend::cuda_tool::BufferView<int>, uipc::backend::cuda_tool::BufferView<int>, int)"
0.0,9088,4,2272.0,2304.0,1760,2720,458.5,"uipc::backend::cuda::<unnamed>::MASPreconditionerEngine_next_level_cluster_kernel(uipc::backend::cuda_tool::BufferView<unsigned int>, uipc::backend::cuda_tool::BufferView<unsigned int>, int)"
0.0,8512,3,2837.3,2752.0,2432,3328,454.1,"void cub::CUB_200700_750_NS::DeviceReduceSingleTileKernel<cub::CUB_200700_750_NS::DeviceReducePolicy<double, unsigned int, cub::CUB_200700_750_NS::Min>::Policy600, const double *, double *, unsigned int, cub::CUB_200700_750_NS::Min, double, double, cuda::std::__4::__identity>(T2, T3, T4, T5, T6, T8)"
0.0,8160,2,4080.0,4080.0,3712,4448,520.4,"void uipc::backend::cuda_tool::details::buffer_fill_kernel<Eigen::Matrix<double, (int)2, (int)2, (int)0, (int)2, (int)2>>(uipc::backend::cuda_tool::BufferView<T1>, T1)"
0.0,8032,4,2008.0,2032.0,1888,2080,91.9,"uipc::backend::cuda::<unnamed>::MASPreconditionerEngine_prefix_sum_Lx_kernel(uipc::backend::cuda_tool::BufferView<uipc::backend::cuda::MASPreconditionerEngine::Int2>, uipc::backend::cuda_tool::CBufferView<unsigned int>, uipc::backend::cuda_tool::CBufferView<unsigned int>, uipc::backend::cuda_tool::BufferView<unsigned int>, uipc::backend::cuda_tool::BufferView<int>, int, int, int)"
0.0,6655,1,6655.0,6655.0,6655,6655,0.0,"uipc::backend::cuda::<unnamed>::FiniteElementVertexReporter_init_attributes_kernel(uipc::backend::cuda_tool::BufferView<int>, uipc::backend::cuda_tool::CBufferView<Eigen::Matrix<double, (int)3, (int)1, (int)0, (int)3, (int)1>>, uipc::backend::cuda_tool::BufferView<Eigen::Matrix<double, (int)3, (int)1, (int)0, (int)3, (int)1>>, uipc::backend::cuda_tool::CBufferView<Eigen::Matrix<double, (int)3, (int)1, (int)0, (int)3, (int)1>>, int, uipc::backend::cuda_tool::BufferView<int>, uipc::backend::cuda_tool::BufferView<Eigen::Matrix<double, (int)3, (int)1, (int)0, (int)3, (int)1>>, int)"
0.0,6464,3,2154.7,2240.0,1920,2304,205.7,"uipc::backend::cuda::<unnamed>::SimplicialSurfaceDistanceCheck_gather_tri_bids_cids_kernel(uipc::backend::cuda_tool::CBufferView<Eigen::Matrix<int, (int)3, (int)1, (int)0, (int)3, (int)1>>, uipc::backend::cuda_tool::CBufferView<int>, uipc::backend::cuda_tool::CBufferView<int>, uipc::backend::cuda_tool::BufferView<int>, uipc::backend::cuda_tool::BufferView<int>, int)"
0.0,6464,4,1616.0,1616.0,1600,1632,18.5,"uipc::backend::cuda::<unnamed>::MASPreconditionerEngine_compute_next_level_kernel(uipc::backend::cuda_tool::BufferView<int>, uipc::backend::cuda_tool::CBufferView<unsigned int>, int, int)"
0.0,6304,1,6304.0,6304.0,6304,6304,0.0,"uipc::backend::cuda::<unnamed>::MASPreconditionerEngine_aggregation_kernel_kernel(uipc::backend::cuda_tool::BufferView<uipc::backend::cuda::MASPreconditionerEngine::LevelTable>, uipc::backend::cuda_tool::CBufferView<int>, uipc::backend::cuda_tool::CBufferView<uipc::backend::cuda::MASPreconditionerEngine::Int2>, int, int)"
0.0,6080,1,6080.0,6080.0,6080,6080,0.0,"uipc::backend::cuda::<unnamed>::MASPreconditionerEngine_build_connect_mask_L0_kernel(uipc::backend::cuda_tool::CBufferView<unsigned int>, uipc::backend::cuda_tool::BufferView<unsigned int>, uipc::backend::cuda_tool::BufferView<unsigned int>, uipc::backend::cuda_tool::BufferView<unsigned int>, uipc::backend::cuda_tool::CBufferView<int>, uipc::backend::cuda_tool::CBufferView<int>, int)"
0.0,5952,3,1984.0,1824.0,1824,2304,277.1,"void uipc::backend::cuda_tool::details::buffer_fill_kernel<Eigen::Matrix<int, (int)4, (int)1, (int)0, (int)4, (int)1>>(uipc::backend::cuda_tool::BufferView<T1>, T1)"
0.0,5120,4,1280.0,1280.0,1248,1312,26.1,"void uipc::backend::cuda_tool::details::buffer_fill_kernel<double>(uipc::backend::cuda_tool::BufferView<T1>, T1)"
0.0,4864,4,1216.0,1216.0,1184,1248,26.1,"void uipc::backend::cuda_tool::details::buffer_fill_kernel<unsigned int>(uipc::backend::cuda_tool::BufferView<T1>, T1)"
0.0,3200,1,3200.0,3200.0,3200,3200,0.0,"uipc::backend::cuda::<unnamed>::MASPreconditionerEngine_prepare_prefix_sum_L0_kernel(uipc::backend::cuda_tool::BufferView<unsigned int>, uipc::backend::cuda_tool::BufferView<int>, uipc::backend::cuda_tool::CBufferView<int>, int)"
0.0,3104,1,3104.0,3104.0,3104,3104,0.0,"uipc::backend::cuda::<unnamed>::MASPreconditionerEngine_build_level1_kernel(uipc::backend::cuda_tool::BufferView<uipc::backend::cuda::MASPreconditionerEngine::Int2>, uipc::backend::cuda_tool::BufferView<int>, uipc::backend::cuda_tool::BufferView<int>, uipc::backend::cuda_tool::CBufferView<unsigned int>, uipc::backend::cuda_tool::CBufferView<int>, uipc::backend::cuda_tool::CBufferView<int>, uipc::backend::cuda_tool::CBufferView<int>, int, int)"
0.0,2848,1,2848.0,2848.0,2848,2848,0.0,"uipc::backend::cuda::<unnamed>::affine_body_vertex_reporter_init_attributes_kernel(uipc::backend::cuda_tool::BufferView<int>, uipc::backend::cuda_tool::CBufferView<uipc::backend::cuda::ABDJacobi>, uipc::backend::cuda_tool::BufferView<Eigen::Matrix<double, (int)3, (int)1, (int)0, (int)3, (int)1>>, uipc::backend::cuda_tool::CBufferView<int>, int, uipc::backend::cuda_tool::BufferView<int>, uipc::backend::cuda_tool::CBufferView<Eigen::Matrix<double, (int)12, (int)1, (int)0, (int)12, (int)1>>, uipc::backend::cuda_tool::BufferView<Eigen::Matrix<double, (int)3, (int)1, (int)0, (int)3, (int)1>>, int)"
0.0,2592,1,2592.0,2592.0,2592,2592,0.0,"void cub::CUB_200700_750_NS::DeviceSelectSweepKernel<cub::CUB_200700_750_NS::detail::device_select_policy_hub<int, int, int, (bool)0, (bool)0>::Policy900, const int *, const int *, int *, int *, cub::CUB_200700_750_NS::ScanTileState<int, (bool)1>, cub::CUB_200700_750_NS::NullType, cub::CUB_200700_750_NS::NullType, int, (bool)0, (bool)0>(T2, T3, T4, T5, T6, T7, T8, T9, int, cub::CUB_200700_750_NS::detail::vsmem_t)"
0.0,2528,2,1264.0,1264.0,1248,1280,22.6,"void uipc::backend::cuda_tool::details::buffer_fill_kernel<uipc::backend::cuda::MASPreconditionerEngine::Int2>(uipc::backend::cuda_tool::BufferView<T1>, T1)"
0.0,1824,1,1824.0,1824.0,1824,1824,0.0,"void uipc::backend::cuda_tool::details::buffer_fill_kernel<Eigen::Matrix<float, (int)3, (int)1, (int)0, (int)3, (int)1>>(uipc::backend::cuda_tool::BufferView<T1>, T1)"
0.0,1664,1,1664.0,1664.0,1664,1664,0.0,"uipc::backend::cuda::<unnamed>::GlobalSimplicialSurfaceManager_collect_codim_vertices_kernel(uipc::backend::cuda_tool::CBufferView<int>, uipc::backend::cuda_tool::CBufferView<int>, uipc::backend::cuda_tool::BufferView<int>, int)"
0.0,1568,1,1568.0,1568.0,1568,1568,0.0,"void uipc::backend::cuda_tool::details::buffer_fill_kernel<unsigned long long>(uipc::backend::cuda_tool::BufferView<T1>, T1)"
0.0,1440,1,1440.0,1440.0,1440,1440,0.0,"void uipc::backend::cuda_tool::details::buffer_fill_kernel<uipc::backend::cuda::ABDJacobiDyadicMass>(uipc::backend::cuda_tool::BufferView<T1>, T1)"
0.0,1376,1,1376.0,1376.0,1376,1376,0.0,"void uipc::backend::cuda_tool::details::buffer_fill_kernel<uipc::backend::cuda::ContactCoeff>(uipc::backend::cuda_tool::BufferView<T1>, T1)"
0.0,1344,1,1344.0,1344.0,1344,1344,0.0,"void uipc::backend::cuda_tool::details::buffer_fill_kernel<uipc::backend::cuda::ABDJacobi>(uipc::backend::cuda_tool::BufferView<T1>, T1)"
0.0,1312,1,1312.0,1312.0,1312,1312,0.0,"void uipc::backend::cuda_tool::details::buffer_fill_kernel<Eigen::Matrix<double, (int)2, (int)1, (int)0, (int)2, (int)1>>(uipc::backend::cuda_tool::BufferView<T1>, T1)"
0.0,1280,1,1280.0,1280.0,1280,1280,0.0,"uipc::backend::cuda::<unnamed>::FiniteElementBodyReporter_report_attributes_kernel(uipc::backend::cuda_tool::BufferView<int>, int)"
0.0,1280,1,1280.0,1280.0,1280,1280,0.0,"uipc::backend::cuda::<unnamed>::affine_body_body_reporter_report_attributes_kernel(uipc::backend::cuda_tool::BufferView<int>, int)"
